* Distortion data saved by REW V5.20.13
* Dated: Oct 16, 2023 6:52:44 AM
* Source: Universal Audio Thunderbolt, Universal Audio Thunderbolt, 1, volume: no control
* Format: 256k Log Swept Sine, 1 sweep at -40.0 dBFS with no timing reference
* Measurement: SSL 25
* Frequency Step: 24 ppo
* Freq (Hz) Fundamental (dB) THD (%) Noise (%) H2 (%) H3 (%) H4 (%) H5 (%) H6 (%) H7 (%) H8 (%) H9 (%)
20.000 92.179 0.271 0.0025 0.072 0.261 0.0045 0.0054 0.0023 0.0016 0.0011 0.0026
20.586 92.181 0.262 0.0019 0.075 0.251 0.0040 0.0045 0.0017 0.0019 0.0011 0.0026
21.189 92.183 0.254 0.0019 0.076 0.242 0.0045 0.0035 0.0013 0.0023 9.8E-4 0.0028
21.810 92.185 0.246 0.0019 0.076 0.234 0.0050 0.0024 0.0014 0.0023 0.0011 0.0028
22.449 92.186 0.239 0.0019 0.076 0.227 0.0055 0.0015 0.0019 0.0018 0.0016 0.0026
23.107 92.187 0.235 0.0020 0.078 0.221 0.0058 0.0013 0.0027 0.0015 0.0020 0.0021
23.784 92.188 0.231 0.0020 0.083 0.215 0.0056 0.0014 0.0030 0.0013 0.0023 0.0016
24.481 92.189 0.227 0.0020 0.086 0.210 0.0048 0.0018 0.0028 0.0013 0.0025 0.0012
25.198 92.190 0.222 0.0020 0.086 0.204 0.0038 0.0019 0.0024 0.0013 0.0024 9.6E-4
25.937 92.192 0.215 0.0021 0.081 0.199 0.0021 0.0015 0.0018 0.0014 0.0024 7.8E-4
26.697 92.193 0.207 0.0021 0.072 0.194 8.3E-4 8.7E-4 0.0014 0.0015 0.0023 8.0E-4
27.479 92.195 0.201 0.0021 0.067 0.190 0.0011 8.2E-4 0.0014 0.0016 0.0021 9.8E-4
28.284 92.197 0.198 0.0019 0.064 0.187 0.0024 0.0011 0.0016 0.0016 0.0018 9.4E-4
29.113 92.199 0.195 0.0019 0.062 0.184 0.0026 0.0019 0.0016 0.0015 0.0019 8.1E-4
29.966 92.201 0.192 0.0019 0.061 0.182 0.0024 0.0028 0.0014 0.0013 0.0022 7.1E-4
30.844 92.203 0.190 0.0019 0.061 0.179 0.0021 0.0034 0.0012 0.0012 0.0028 8.8E-4
31.748 92.205 0.187 0.0021 0.061 0.177 0.0021 0.0034 0.0011 0.0013 0.0029 0.0011
32.678 92.206 0.184 0.0021 0.061 0.173 0.0019 0.0029 0.0010 0.0016 0.0024 0.0011
33.636 92.208 0.180 0.0021 0.061 0.169 0.0016 0.0025 0.0010 0.0022 0.0017 0.0011
34.621 92.209 0.175 0.0022 0.060 0.165 0.0012 0.0026 0.0011 0.0028 0.0012 0.0010
35.636 92.210 0.172 0.0022 0.060 0.161 0.0011 0.0029 0.0011 0.0032 9.2E-4 0.0013
36.680 92.211 0.171 0.0025 0.061 0.159 0.0015 0.0029 0.0013 0.0028 6.8E-4 0.0017
37.755 92.214 0.169 0.0025 0.061 0.158 0.0025 0.0027 0.0016 0.0019 4.8E-4 0.0022
38.861 92.216 0.166 0.0025 0.063 0.154 0.0030 0.0029 0.0020 0.0015 9.8E-4 0.0025
40.000 92.219 0.163 0.0023 0.064 0.150 0.0027 0.0028 0.0026 0.0016 0.0016 0.0022
41.172 92.222 0.160 0.0022 0.063 0.147 0.0020 0.0024 0.0032 0.0014 0.0019 0.0016
42.379 92.225 0.158 0.0019 0.063 0.145 0.0022 0.0027 0.0031 0.0010 0.0018 0.0011
43.620 92.228 0.157 0.0019 0.065 0.143 0.0033 0.0032 0.0029 8.0E-4 0.0019 7.5E-4
44.898 92.231 0.156 0.0055 0.066 0.141 0.0042 0.0031 0.0027 7.9E-4 0.0019 5.0E-4
46.214 92.234 0.155 0.0055 0.068 0.139 0.0041 0.0025 0.0021 8.8E-4 0.0013 4.5E-4
47.568 92.237 0.153 0.028 0.069 0.136 0.0030 0.0025 0.0016 8.7E-4 8.9E-4 6.8E-4
48.962 92.241 0.151 0.028 0.069 0.134 0.0023 0.0035 0.0013 0.0017 6.9E-4 9.4E-4
50.397 92.245 0.148 0.032 0.068 0.132 0.0026 0.0041 9.8E-4 0.0023 5.0E-4 9.2E-4
51.874 92.246 0.144 0.032 0.062 0.130 0.0028 0.0030 8.5E-4 0.0014 5.0E-4 6.6E-4
53.394 92.246 0.144 0.0087 0.060 0.131 0.0020 0.0019 4.3E-4 0.0013 4.5E-4 4.8E-4
54.958 92.246 0.144 0.0087 0.060 0.131 0.0015 0.0023 6.5E-4 9.9E-4 4.3E-4 5.5E-4
56.569 92.246 0.144 0.0032 0.060 0.130 0.0017 0.0033 0.0016 0.0013 7.3E-4 7.3E-4
58.226 92.247 0.143 0.0030 0.061 0.129 0.0014 0.0035 0.0024 0.0016 0.0012 8.3E-4
59.932 92.247 0.143 0.0030 0.061 0.129 0.0020 0.0025 0.0017 0.0016 0.0014 0.0013
61.688 92.247 0.143 0.0020 0.062 0.129 0.0035 0.0018 9.6E-4 0.0018 0.0012 0.0017
63.496 92.247 0.144 0.0021 0.064 0.129 0.0033 0.0026 0.0011 0.0015 7.8E-4 0.0017
65.357 92.246 0.142 0.0021 0.064 0.127 0.0020 0.0026 0.0014 7.1E-4 5.9E-4 0.0012
67.272 92.245 0.141 0.0024 0.063 0.127 0.0016 0.0024 0.0011 7.6E-4 8.0E-4 7.2E-4
69.243 92.245 0.142 0.0023 0.063 0.127 0.0018 0.0023 8.4E-4 0.0012 7.7E-4 6.2E-4
71.272 92.245 0.143 0.0023 0.065 0.128 0.0019 0.0028 9.7E-4 0.0014 7.5E-4 6.2E-4
73.360 92.246 0.142 0.0019 0.066 0.126 0.0012 0.0018 0.0010 0.0012 0.0010 8.5E-4
75.510 92.248 0.142 0.0019 0.067 0.125 5.2E-4 0.0016 7.4E-4 0.0014 0.0010 0.0013
77.723 92.250 0.140 0.0021 0.064 0.124 5.3E-4 0.0020 7.3E-4 0.0016 9.4E-4 0.0012
80.000 92.252 0.140 0.0029 0.065 0.124 5.6E-4 0.0015 0.0021 0.0013 0.0014 0.0010
82.344 92.254 0.141 0.0024 0.065 0.125 0.0015 0.0014 0.0024 8.2E-4 0.0011 0.0018
84.757 92.256 0.142 0.0024 0.066 0.125 0.0028 0.0017 0.0020 8.4E-4 5.1E-4 0.0021
87.241 92.258 0.138 0.0016 0.065 0.121 0.0042 0.0013 0.0015 0.0013 6.9E-4 0.0012
89.797 92.260 0.136 0.0019 0.065 0.120 0.0018 0.0017 0.0011 9.8E-4 5.8E-4 0.0013
92.428 92.262 0.134 0.0021 0.063 0.119 8.1E-4 0.0014 7.8E-4 9.0E-4 5.7E-4 9.3E-4
95.137 92.265 0.134 0.0026 0.062 0.118 7.1E-4 0.0018 8.8E-4 6.3E-4 4.0E-4 0.0013
97.924 92.267 0.133 0.0042 0.064 0.117 7.0E-4 0.0020 0.0011 4.9E-4 5.1E-4 0.0011
100.794 92.268 0.133 0.0058 0.064 0.116 9.8E-4 0.0019 6.5E-4 8.1E-4 9.5E-4 8.3E-4
103.747 92.269 0.132 0.0024 0.065 0.115 7.5E-4 0.0012 6.6E-4 0.0014 9.7E-4 1.0E-3
106.787 92.270 0.131 0.0017 0.063 0.115 8.4E-4 0.0011 9.8E-4 0.0016 0.0014 9.7E-4
109.916 92.270 0.131 0.0016 0.064 0.115 0.0010 9.0E-4 0.0015 0.0011 0.0014 7.4E-4
113.137 92.268 0.132 0.0021 0.065 0.114 0.0012 8.1E-4 0.0012 0.0011 0.0012 9.0E-4
116.452 92.266 0.130 0.0026 0.065 0.113 0.0013 0.0012 9.2E-4 0.0011 0.0010 0.0017
119.865 92.265 0.132 0.0025 0.065 0.114 0.0014 0.0014 0.0012 0.0012 0.0013 0.0017
123.377 92.264 0.132 0.0013 0.066 0.115 0.0013 0.0013 0.0013 0.0017 0.0013 0.0016
126.992 92.264 0.132 0.0013 0.064 0.115 0.0019 0.0021 0.0012 0.0013 0.0011 0.0014
130.713 92.264 0.133 0.0023 0.066 0.116 0.0023 0.0026 0.0013 1.0E-3 0.0011 9.3E-4
134.543 92.265 0.134 0.0024 0.065 0.116 0.0024 0.0023 0.0012 6.6E-4 6.3E-4 9.2E-4
138.486 92.266 0.134 0.0024 0.065 0.117 0.0020 0.0020 0.0020 7.4E-4 3.3E-4 0.0013
142.544 92.266 0.135 0.0018 0.067 0.117 0.0012 0.0011 0.0018 9.9E-4 0.0010 0.0020
146.721 92.266 0.136 0.0030 0.067 0.118 0.0018 0.0012 0.0017 0.0011 0.0011 0.0018
151.020 92.265 0.136 0.0036 0.067 0.119 0.0020 0.0014 0.0017 0.0014 0.0012 0.0015
155.445 92.265 0.136 0.0018 0.068 0.118 0.0020 0.0016 0.0020 0.0014 0.0015 0.0013
160.000 92.265 0.137 0.0030 0.068 0.118 0.0020 0.0024 0.0019 0.0013 0.0016 0.0015
164.688 92.266 0.136 0.0028 0.068 0.118 0.0022 0.0026 0.0012 0.0015 0.0019 0.0012
169.514 92.267 0.134 0.0026 0.067 0.116 0.0020 0.0020 0.0013 0.0015 0.0014 0.0013
174.481 92.269 0.133 0.0022 0.067 0.115 0.0016 0.0010 0.0015 9.2E-4 0.0012 0.0015
179.594 92.271 0.132 0.0025 0.066 0.114 0.0019 0.0014 0.0014 9.1E-4 0.0012 0.0015
184.856 92.272 0.131 0.0024 0.065 0.114 0.0023 0.0015 0.0012 0.0011 0.0010 0.0014
190.273 92.271 0.134 0.0023 0.067 0.116 0.0020 0.0018 8.7E-4 0.0011 0.0014 9.0E-4
195.849 92.271 0.135 0.0034 0.066 0.118 0.0012 0.0014 0.0010 0.0011 0.0015 0.0013
201.587 92.271 0.135 0.0047 0.066 0.118 0.0014 0.0014 0.0012 0.0016 0.0017 0.0013
207.494 92.271 0.135 0.0025 0.066 0.118 0.0013 0.0021 0.0018 0.0016 9.6E-4 9.1E-4
213.574 92.272 0.135 0.0023 0.066 0.117 0.0012 0.0023 0.0019 0.0015 0.0017 9.0E-4
219.833 92.274 0.134 0.0023 0.065 0.117 0.0012 0.0024 0.0020 0.0013 0.0017 0.0011
226.274 92.274 0.134 0.0016 0.064 0.118 8.7E-4 0.0020 0.0016 0.0014 0.0019 0.0010
232.905 92.274 0.133 0.0019 0.063 0.117 0.0012 0.0020 0.0014 0.0018 0.0015 0.0010
239.729 92.275 0.133 0.0036 0.064 0.117 0.0011 0.0020 0.0014 0.0016 0.0012 0.0013
246.754 92.275 0.134 0.013 0.065 0.117 0.0018 0.0016 0.0019 0.0015 0.0011 0.0016
253.984 92.275 0.134 0.0083 0.066 0.116 0.0016 0.0014 0.0013 0.0012 0.0010 0.0016
261.426 92.275 0.133 0.0031 0.067 0.115 0.0012 0.0011 0.0014 0.0014 0.0011 0.0011
269.087 92.275 0.133 0.0028 0.066 0.116 0.0013 0.0010 0.0013 0.0017 9.8E-4 0.0018
276.972 92.275 0.133 0.0029 0.065 0.116 0.0015 0.0015 0.0012 0.0019 7.4E-4 0.0017
285.088 92.275 0.132 0.0022 0.064 0.115 0.0019 0.0018 0.0010 0.0021 0.0013 0.0012
293.441 92.274 0.132 0.0032 0.065 0.115 0.0017 0.0014 0.0011 0.0017 0.0024 0.0011
302.040 92.274 0.131 0.0037 0.065 0.114 0.0017 0.0014 0.0013 0.0019 0.0019 0.0011
310.890 92.273 0.130 0.0027 0.064 0.114 0.0015 0.0019 0.0016 0.0019 0.0016 0.0011
320.000 92.273 0.131 0.0030 0.066 0.113 0.0019 0.0018 0.0018 0.0016 0.0013 0.0014
329.377 92.272 0.130 0.0028 0.065 0.113 0.0020 0.0018 0.0012 0.0012 0.0012 0.0022
339.028 92.270 0.130 0.0033 0.064 0.113 0.0021 0.0010 0.0018 0.0013 0.0016 0.0022
348.962 92.269 0.131 0.018 0.065 0.113 0.0018 0.0017 0.0020 0.0013 0.0011 0.0024
359.188 92.268 0.132 0.0028 0.066 0.114 0.0013 0.0027 0.0015 0.0020 0.0011 0.0021
369.713 92.267 0.131 0.0023 0.066 0.113 0.0022 0.0026 0.0018 0.0018 0.0017 0.0011
380.546 92.267 0.131 0.0036 0.065 0.114 0.0021 0.0020 0.0017 0.0016 0.0016 0.0012
391.697 92.268 0.131 0.0032 0.065 0.114 0.0020 0.0014 0.0018 0.0014 0.0012 0.0012
403.175 92.270 0.130 0.0020 0.065 0.112 0.0024 0.0019 0.0019 0.0015 0.0013 0.0015
414.989 92.273 0.127 0.0034 0.064 0.110 0.0022 0.0025 0.0021 0.0021 0.0022 0.0014
427.149 92.277 0.126 0.0033 0.063 0.109 0.0030 0.0022 0.0019 0.0019 0.0018 0.0014
439.665 92.283 0.125 0.0028 0.062 0.108 0.0027 0.0024 0.0019 0.0014 0.0012 0.0020
452.548 92.287 0.125 0.0037 0.062 0.108 0.0022 0.0013 0.0016 0.0021 0.0014 0.0026
465.809 92.290 0.125 0.0037 0.064 0.108 0.0026 0.0016 0.0022 0.0032 0.0017 0.0021
479.458 92.291 0.124 0.0037 0.065 0.105 0.0021 0.0020 0.0019 0.0027 0.0021 0.0018
493.507 92.291 0.124 0.0030 0.065 0.105 0.0028 0.0021 0.0014 0.0021 0.0021 0.0017
507.968 92.289 0.124 0.0037 0.064 0.106 0.0026 0.0028 9.6E-4 0.0018 0.0019 0.0019
522.853 92.286 0.126 0.0039 0.065 0.108 0.0035 0.0027 0.0018 0.0015 0.0019 0.0019
538.174 92.284 0.125 0.0041 0.064 0.107 0.0032 0.0021 0.0016 0.0022 0.0020 0.0016
553.943 92.283 0.125 0.0028 0.063 0.108 0.0029 0.0017 0.0016 0.0024 0.0017 0.0025
570.175 92.281 0.126 0.0020 0.063 0.109 0.0024 0.0020 0.0022 0.0031 0.0019 0.0029
586.883 92.280 0.128 0.0031 0.066 0.110 0.0021 0.0022 0.0025 0.0030 0.0018 0.0023
604.080 92.280 0.126 0.0036 0.067 0.107 0.0027 0.0022 0.0023 0.0018 0.0020 0.0025
621.780 92.281 0.125 0.0025 0.065 0.106 0.0024 0.0021 0.0020 0.0017 0.0020 0.0018
640.000 92.284 0.125 0.0033 0.065 0.107 0.0022 0.0020 0.0022 0.0024 0.0025 0.0024
658.753 92.285 0.126 0.0046 0.066 0.107 0.0022 0.0018 0.0024 0.0020 0.0020 0.0024
678.056 92.284 0.128 0.0027 0.067 0.109 0.0025 0.0021 0.0026 0.0027 0.0020 0.0023
697.925 92.283 0.128 0.0049 0.066 0.109 0.0024 0.0022 0.0026 0.0022 0.0023 0.0030
718.376 92.280 0.128 0.0035 0.068 0.108 0.0024 0.0022 0.0024 0.0024 0.0021 0.0036
739.426 92.276 0.129 0.0053 0.069 0.109 0.0024 0.0023 0.0026 0.0023 0.0020 0.0028
761.093 92.273 0.129 0.0043 0.066 0.110 0.0029 0.0030 0.0026 0.0023 0.0023 0.0026
783.394 92.268 0.130 0.0041 0.066 0.112 0.0025 0.0028 0.0031 0.0022 0.0026 0.0030
806.349 92.264 0.131 0.0042 0.066 0.113 0.0028 0.0029 0.0035 0.0029 0.0027 0.0033
829.977 92.263 0.130 0.0036 0.066 0.112 0.0033 0.0029 0.0026 0.0025 0.0023 0.0030
854.297 92.265 0.127 0.0045 0.063 0.110 0.0027 0.0031 0.0020 0.0027 0.0026 0.0026
879.330 92.267 0.127 0.0046 0.063 0.110 0.0031 0.0034 0.0022 0.0027 0.0029 0.0028
905.097 92.269 0.125 0.0044 0.062 0.108 0.0037 0.0029 0.0025 0.0029 0.0033 0.0026
931.618 92.272 0.125 0.0044 0.063 0.108 0.0034 0.0030 0.0021 0.0030 0.0032 0.0028
958.917 92.274 0.126 0.0045 0.065 0.108 0.0034 0.0033 0.0021 0.0028 0.0031 0.0031
987.015 92.276 0.126 0.0055 0.064 0.108 0.0026 0.0031 0.0020 0.0035 0.0034 0.0027
1015.937 92.278 0.128 0.0048 0.066 0.109 0.0027 0.0027 0.0029 0.0032 0.0034 0.0032
1045.706 92.279 0.128 0.0049 0.066 0.109 0.0029 0.0035 0.0023 0.0032 0.0028 0.0030
1076.347 92.279 0.131 0.0067 0.066 0.113 0.0030 0.0035 0.0019 0.0027 0.0028 0.0024
1107.887 92.278 0.133 0.0045 0.067 0.114 0.0029 0.0028 0.0023 0.0032 0.0032 0.0040
1140.350 92.273 0.133 0.0048 0.066 0.116 0.0027 0.0026 0.0032 0.0031 0.0032 0.0040
1173.765 92.272 0.134 0.0036 0.066 0.117 0.0025 0.0027 0.0035 0.0033 0.0030 0.0035
1208.159 92.271 0.134 0.0058 0.065 0.117 0.0026 0.0031 0.0031 0.0037 0.0030 0.0027
1243.561 92.271 0.134 0.0049 0.066 0.116 0.0032 0.0032 0.0029 0.0035 0.0040 0.0028
1280.000 92.274 0.133 0.0054 0.064 0.116 0.0033 0.0029 0.0032 0.0037 0.0042 0.0033
1317.507 92.277 0.133 0.0054 0.064 0.116 0.0031 0.0034 0.0035 0.0040 0.0036 0.0031
1356.113 92.281 0.133 0.0061 0.066 0.115 0.0031 0.0036 0.0030 0.0040 0.0039 0.0030
1395.850 92.282 0.134 0.0047 0.067 0.115 0.0032 0.0037 0.0025 0.0046 0.0041 0.0037
1436.751 92.282 0.134 0.0069 0.066 0.116 0.0043 0.0037 0.0029 0.0042 0.0039 0.0036
1478.851 92.282 0.135 0.0056 0.067 0.117 0.0032 0.0038 0.0043 0.0041 0.0033 0.0033
1522.185 92.282 0.136 0.0061 0.068 0.118 0.0029 0.0038 0.0046 0.0043 0.0036 0.0032
1566.789 92.282 0.134 0.0055 0.068 0.115 0.0038 0.0041 0.0044 0.0038 0.0033 0.0029
1612.699 92.282 0.135 0.0076 0.069 0.116 0.0038 0.0042 0.0050 0.0038 0.0037 0.0034
1659.955 92.281 0.135 0.0061 0.068 0.116 0.0040 0.0038 0.0048 0.0035 0.0039 0.0038
1708.595 92.281 0.135 0.0053 0.068 0.117 0.0037 0.0034 0.0045 0.0035 0.0043 0.0036
1758.661 92.284 0.132 0.0059 0.065 0.115 0.0040 0.0037 0.0043 0.0029 0.0036 0.0039
1810.193 92.290 0.131 0.0065 0.065 0.113 0.0046 0.0044 0.0045 0.0036 0.0037 0.0035
1863.236 92.295 0.130 0.0066 0.068 0.110 0.0042 0.0044 0.0037 0.0036 0.0037 0.0038
1917.833 92.300 0.128 0.0058 0.066 0.109 0.0040 0.0043 0.0040 0.0036 0.0040 0.0033
1974.030 92.305 0.127 0.0062 0.067 0.107 0.0042 0.0044 0.0046 0.0037 0.0040 0.0042
2031.873 92.305 0.127 0.0065 0.066 0.107 0.0046 0.0054 0.0045 0.0036 0.0044 0.0037
2091.412 92.302 0.126 0.0068 0.064 0.108 0.0035 0.0042 0.0040 0.0043 0.0042 0.0032
2152.695 92.299 0.125 0.0080 0.064 0.108 0.0037 0.0048 0.0040 0.0046 0.0048 0.0027
2215.774 92.298 0.124 0.0072 0.063 0.106 0.0046 0.0050 0.0041 0.0045 0.0043 0.0019
2280.701 92.298 0.125 0.0072 0.063 0.108 0.0045 0.0053 0.0048 0.0040 0.0035 0.0015
