* Distortion data saved by REW V5.20.13
* Dated: Sep 29, 2023 7:41:51 PM
* Source: ASIO ASIO Lynx, Aurora(n) Record 26
* Format: 512k Log Swept Sine, 1 sweep at -24.0 dBFS with no timing reference
* Measurement: tegeler -24dbfs 九月 30
* Frequency Step: 24 ppo
* Freq (Hz) Fundamental (dB) THD (%) Noise (%) H2 (%) H3 (%) H4 (%) H5 (%) H6 (%) H7 (%) H8 (%) H9 (%)
20.000 89.427 3.15 2.9E-4 0.106 3.11 0.028 0.415 0.0052 0.109 0.0028 0.028
20.586 89.485 3.04 2.9E-4 0.112 3.01 0.026 0.400 0.0037 0.104 0.0036 0.027
21.189 89.540 2.94 2.8E-4 0.119 2.91 0.023 0.385 0.0022 0.099 0.0041 0.026
21.810 89.591 2.84 2.8E-4 0.125 2.81 0.021 0.372 0.0021 0.094 0.0042 0.025
22.449 89.640 2.75 3.9E-4 0.131 2.72 0.019 0.359 0.0029 0.089 0.0042 0.023
23.107 89.686 2.67 3.9E-4 0.140 2.64 0.018 0.347 0.0028 0.084 0.0039 0.021
23.784 89.730 2.58 3.9E-4 0.150 2.56 0.018 0.335 0.0028 0.080 0.0033 0.020
24.481 89.772 2.51 3.8E-4 0.159 2.48 0.018 0.323 0.0028 0.076 0.0024 0.020
25.198 89.811 2.43 3.0E-4 0.166 2.40 0.018 0.310 0.0025 0.072 0.0021 0.020
25.937 89.849 2.36 3.0E-4 0.171 2.33 0.017 0.298 0.0032 0.068 0.0027 0.020
26.697 89.886 2.29 3.0E-4 0.175 2.26 0.016 0.287 0.0044 0.065 0.0030 0.019
27.479 89.921 2.22 2.9E-4 0.179 2.19 0.015 0.277 0.0050 0.061 0.0031 0.017
28.284 89.955 2.15 2.1E-4 0.184 2.13 0.014 0.268 0.0049 0.058 0.0032 0.016
29.113 89.988 2.09 2.1E-4 0.190 2.07 0.014 0.258 0.0035 0.055 0.0029 0.015
29.966 90.020 2.03 2.1E-4 0.198 2.00 0.013 0.250 0.0015 0.052 0.0022 0.014
30.844 90.050 1.97 3.1E-4 0.203 1.95 0.014 0.241 0.0010 0.050 0.0015 0.013
31.748 90.080 1.92 3.1E-4 0.207 1.89 0.015 0.233 0.0012 0.047 0.0021 0.012
32.678 90.110 1.87 3.1E-4 0.211 1.84 0.016 0.225 0.0017 0.045 0.0022 0.011
33.636 90.139 1.81 3.0E-4 0.216 1.79 0.017 0.217 0.0023 0.042 0.0019 0.010
34.621 90.167 1.76 3.5E-4 0.220 1.74 0.017 0.210 0.0030 0.040 0.0014 0.0097
35.636 90.195 1.71 3.5E-4 0.224 1.69 0.016 0.203 0.0039 0.039 0.0012 0.0087
36.680 90.222 1.67 3.4E-4 0.228 1.64 0.015 0.195 0.0047 0.037 1.0E-3 0.0078
37.755 90.248 1.62 3.4E-4 0.230 1.59 0.014 0.187 0.0051 0.035 9.2E-4 0.0075
38.861 90.273 1.58 3.4E-4 0.232 1.55 0.012 0.179 0.0049 0.033 7.8E-4 0.0081
40.000 90.299 1.53 2.4E-4 0.233 1.50 0.011 0.171 0.0038 0.031 0.0012 0.0085
41.172 90.323 1.49 2.4E-4 0.234 1.46 0.011 0.165 0.0025 0.029 0.0018 0.0077
42.379 90.348 1.45 2.4E-4 0.234 1.42 0.011 0.158 0.0029 0.027 0.0018 0.0068
43.620 90.372 1.41 2.9E-4 0.235 1.38 0.011 0.152 0.0031 0.026 0.0014 0.0062
44.898 90.396 1.37 2.9E-4 0.237 1.34 0.011 0.146 0.0029 0.024 9.6E-4 0.0058
46.214 90.419 1.33 9.1E-4 0.239 1.30 0.010 0.140 0.0029 0.023 9.7E-4 0.0055
47.568 90.443 1.29 9.0E-4 0.238 1.26 0.0098 0.134 0.0026 0.021 0.0011 0.0052
48.962 90.465 1.25 0.0022 0.239 1.22 0.0095 0.130 0.0028 0.020 0.0013 0.0049
50.397 90.488 1.22 0.0022 0.239 1.19 0.0096 0.125 0.0031 0.019 0.0016 0.0051
51.874 90.510 1.18 0.0013 0.239 1.15 0.0089 0.120 0.0036 0.018 0.0016 0.0048
53.394 90.532 1.15 0.0013 0.238 1.12 0.0069 0.115 0.0039 0.018 0.0016 0.0046
54.958 90.554 1.12 4.3E-4 0.238 1.09 0.0049 0.110 0.0039 0.017 0.0016 0.0043
56.569 90.576 1.08 4.3E-4 0.236 1.05 0.0037 0.106 0.0032 0.016 0.0014 0.0036
58.226 90.597 1.05 4.8E-4 0.235 1.02 0.0027 0.101 0.0027 0.015 0.0012 0.0032
59.932 90.618 1.02 4.8E-4 0.234 0.990 0.0016 0.097 0.0022 0.014 9.2E-4 0.0032
61.688 90.639 0.994 5.3E-4 0.234 0.961 0.0015 0.093 0.0012 0.013 7.1E-4 0.0034
63.496 90.659 0.965 6.4E-4 0.235 0.932 0.0027 0.089 6.9E-4 0.013 4.0E-4 0.0030
65.357 90.679 0.937 6.4E-4 0.236 0.903 0.0029 0.086 9.4E-4 0.013 4.8E-4 0.0031
67.272 90.700 0.910 5.9E-4 0.236 0.875 0.0026 0.082 0.0010 0.012 8.8E-4 0.0035
69.243 90.719 0.884 3.4E-4 0.237 0.848 0.0026 0.079 8.8E-4 0.012 0.0011 0.0038
71.272 90.739 0.858 3.4E-4 0.239 0.821 0.0026 0.076 0.0010 0.012 7.8E-4 0.0037
73.360 90.758 0.833 4.0E-4 0.240 0.795 0.0024 0.073 0.0013 0.011 5.1E-4 0.0031
75.510 90.777 0.809 4.6E-4 0.239 0.770 0.0025 0.070 0.0015 0.011 5.5E-4 0.0027
77.723 90.796 0.785 6.3E-4 0.240 0.745 0.0025 0.067 0.0013 0.011 7.0E-4 0.0026
80.000 90.815 0.762 6.2E-4 0.240 0.720 0.0024 0.065 0.0012 0.011 7.2E-4 0.0028
82.344 90.833 0.739 7.3E-4 0.240 0.696 0.0020 0.063 9.9E-4 0.011 4.4E-4 0.0032
84.757 90.851 0.717 4.8E-4 0.240 0.673 0.0022 0.060 5.4E-4 0.011 4.2E-4 0.0033
87.241 90.868 0.697 4.2E-4 0.241 0.651 0.0029 0.058 8.1E-4 0.011 5.7E-4 0.0030
89.797 90.886 0.677 5.6E-4 0.242 0.629 0.0037 0.056 0.0012 0.011 6.6E-4 0.0028
92.428 90.904 0.657 8.3E-4 0.242 0.609 0.0039 0.055 0.0013 0.011 6.9E-4 0.0029
95.137 90.921 0.638 8.3E-4 0.242 0.588 0.0041 0.054 0.0014 0.011 8.3E-4 0.0026
97.924 90.938 0.620 7.2E-4 0.241 0.568 0.0042 0.052 0.0013 0.011 7.0E-4 0.0026
100.794 90.955 0.602 8.0E-4 0.241 0.549 0.0044 0.051 0.0012 0.011 4.4E-4 0.0025
103.747 90.971 0.584 7.6E-4 0.241 0.529 0.0043 0.049 8.5E-4 0.011 5.2E-4 0.0026
106.787 90.987 0.567 6.2E-4 0.241 0.511 0.0039 0.048 5.6E-4 0.010 4.5E-4 0.0028
109.916 91.003 0.551 5.6E-4 0.241 0.493 0.0040 0.046 5.0E-4 0.010 5.1E-4 0.0028
113.137 91.018 0.535 5.3E-4 0.241 0.476 0.0037 0.045 5.0E-4 0.010 6.5E-4 0.0026
116.452 91.034 0.520 6.1E-4 0.240 0.459 0.0031 0.043 5.1E-4 0.010 6.8E-4 0.0030
119.865 91.049 0.506 5.5E-4 0.240 0.443 0.0032 0.042 5.0E-4 0.0095 4.6E-4 0.0029
123.377 91.064 0.492 5.8E-4 0.240 0.428 0.0032 0.040 4.5E-4 0.0092 5.7E-4 0.0025
126.992 91.079 0.479 5.6E-4 0.240 0.412 0.0027 0.039 5.1E-4 0.0093 4.4E-4 0.0024
130.713 91.093 0.466 3.4E-4 0.239 0.398 0.0026 0.038 5.5E-4 0.0094 3.2E-4 0.0024
134.543 91.108 0.453 2.1E-4 0.238 0.384 0.0029 0.037 4.7E-4 0.0096 4.2E-4 0.0023
138.486 91.122 0.442 3.6E-4 0.238 0.370 0.0029 0.037 3.3E-4 0.0096 4.8E-4 0.0021
142.544 91.135 0.430 6.2E-4 0.238 0.357 0.0024 0.036 6.1E-4 0.0091 3.3E-4 0.0022
146.721 91.149 0.419 0.0019 0.237 0.344 0.0022 0.035 8.2E-4 0.0089 3.0E-4 0.0020
151.020 91.162 0.408 0.0035 0.236 0.331 0.0018 0.034 9.1E-4 0.0083 5.6E-4 0.0021
155.445 91.175 0.398 7.1E-4 0.236 0.319 0.0016 0.033 9.1E-4 0.0081 6.7E-4 0.0020
160.000 91.188 0.389 6.3E-4 0.235 0.308 0.0017 0.032 8.7E-4 0.0079 7.0E-4 0.0018
164.688 91.201 0.379 6.5E-4 0.234 0.297 0.0014 0.031 6.8E-4 0.0077 0.0010 0.0015
169.514 91.214 0.371 7.1E-4 0.234 0.286 0.0011 0.030 9.0E-4 0.0072 0.0011 0.0013
174.481 91.226 0.363 0.0011 0.233 0.276 0.0010 0.030 7.2E-4 0.0067 7.6E-4 0.0011
179.594 91.238 0.355 9.1E-4 0.233 0.266 8.1E-4 0.029 5.2E-4 0.0064 5.7E-4 0.0012
184.856 91.250 0.348 7.5E-4 0.233 0.257 6.1E-4 0.029 4.6E-4 0.0061 5.5E-4 0.0012
190.273 91.262 0.341 0.0011 0.233 0.248 8.8E-4 0.028 4.3E-4 0.0059 5.3E-4 0.0011
195.849 91.273 0.335 0.0014 0.232 0.240 6.3E-4 0.027 4.9E-4 0.0058 8.3E-4 0.0011
201.587 91.285 0.329 0.0015 0.232 0.232 5.2E-4 0.026 5.2E-4 0.0056 7.8E-4 9.9E-4
207.494 91.296 0.323 6.8E-4 0.232 0.224 6.5E-4 0.025 7.8E-4 0.0054 9.1E-4 8.2E-4
213.574 91.307 0.317 7.4E-4 0.231 0.216 0.0011 0.025 6.7E-4 0.0054 5.5E-4 8.4E-4
219.833 91.318 0.311 0.0012 0.230 0.208 8.3E-4 0.024 3.9E-4 0.0051 3.8E-4 5.5E-4
226.274 91.328 0.306 6.3E-4 0.230 0.201 0.0010 0.023 3.5E-4 0.0047 3.9E-4 6.7E-4
232.905 91.339 0.302 0.0012 0.230 0.194 0.0010 0.023 4.1E-4 0.0045 3.7E-4 6.3E-4
239.729 91.349 0.297 8.8E-4 0.230 0.187 8.6E-4 0.022 4.6E-4 0.0040 5.0E-4 7.6E-4
246.754 91.359 0.293 0.0016 0.230 0.181 7.4E-4 0.021 3.7E-4 0.0037 5.7E-4 0.0010
253.984 91.369 0.289 8.5E-4 0.229 0.175 7.1E-4 0.020 4.0E-4 0.0033 7.0E-4 8.1E-4
261.426 91.378 0.286 9.3E-4 0.229 0.169 7.5E-4 0.019 4.2E-4 0.0029 8.4E-4 6.9E-4
269.087 91.388 0.282 9.5E-4 0.229 0.164 7.5E-4 0.018 3.8E-4 0.0029 8.2E-4 4.4E-4
276.972 91.397 0.278 7.7E-4 0.228 0.158 9.2E-4 0.018 5.7E-4 0.0026 8.1E-4 4.0E-4
285.088 91.407 0.275 6.7E-4 0.228 0.153 0.0010 0.017 5.8E-4 0.0024 6.6E-4 5.1E-4
293.441 91.416 0.272 9.7E-4 0.228 0.149 9.5E-4 0.017 5.9E-4 0.0022 6.8E-4 5.3E-4
302.040 91.425 0.269 8.1E-4 0.227 0.144 9.3E-4 0.016 4.8E-4 0.0019 6.1E-4 5.4E-4
310.890 91.433 0.266 8.1E-4 0.227 0.139 8.6E-4 0.015 5.2E-4 0.0016 4.8E-4 5.3E-4
320.000 91.442 0.264 6.6E-4 0.227 0.135 8.4E-4 0.015 4.9E-4 0.0015 5.0E-4 5.3E-4
329.377 91.450 0.262 9.9E-4 0.227 0.130 9.6E-4 0.014 5.7E-4 0.0015 4.7E-4 4.3E-4
339.028 91.459 0.259 0.0011 0.226 0.126 8.9E-4 0.013 5.3E-4 0.0015 4.9E-4 5.0E-4
348.962 91.467 0.257 0.0011 0.226 0.122 7.0E-4 0.013 6.7E-4 0.0012 4.8E-4 4.2E-4
359.188 91.475 0.255 6.8E-4 0.226 0.118 6.6E-4 0.012 7.0E-4 9.5E-4 5.3E-4 4.3E-4
369.713 91.483 0.253 7.8E-4 0.225 0.115 6.4E-4 0.011 4.9E-4 7.4E-4 5.5E-4 3.8E-4
380.546 91.491 0.251 9.9E-4 0.225 0.111 5.9E-4 0.011 4.8E-4 7.6E-4 5.3E-4 4.3E-4
391.697 91.498 0.249 9.2E-4 0.225 0.107 5.2E-4 0.011 4.5E-4 8.1E-4 5.5E-4 5.5E-4
403.175 91.506 0.248 0.0011 0.225 0.104 4.5E-4 0.0100 6.1E-4 7.6E-4 5.8E-4 5.2E-4
414.989 91.513 0.246 0.0013 0.224 0.100 6.5E-4 0.0092 7.0E-4 6.4E-4 6.7E-4 5.4E-4
427.149 91.521 0.244 0.0012 0.224 0.097 8.1E-4 0.0085 6.4E-4 5.8E-4 4.8E-4 5.7E-4
439.665 91.528 0.243 0.0010 0.224 0.094 7.8E-4 0.0078 6.8E-4 6.1E-4 4.9E-4 6.7E-4
452.548 91.535 0.242 0.0047 0.224 0.091 7.7E-4 0.0075 7.1E-4 7.1E-4 4.1E-4 6.9E-4
465.809 91.542 0.240 0.0010 0.223 0.088 8.2E-4 0.0074 7.5E-4 6.7E-4 5.0E-4 5.9E-4
479.458 91.549 0.239 0.0011 0.223 0.086 5.9E-4 0.0068 6.4E-4 8.3E-4 4.7E-4 6.1E-4
493.507 91.556 0.238 8.9E-4 0.223 0.083 8.0E-4 0.0063 6.3E-4 7.9E-4 4.5E-4 4.7E-4
507.968 91.562 0.237 0.0011 0.223 0.080 7.4E-4 0.0061 5.9E-4 7.5E-4 4.4E-4 3.9E-4
522.853 91.569 0.235 8.6E-4 0.222 0.077 5.7E-4 0.0055 7.1E-4 7.6E-4 5.8E-4 6.5E-4
538.174 91.575 0.234 0.0011 0.222 0.075 6.0E-4 0.0053 5.0E-4 9.0E-4 5.3E-4 6.5E-4
553.943 91.582 0.233 0.0019 0.221 0.072 6.0E-4 0.0050 4.4E-4 7.7E-4 6.8E-4 6.3E-4
570.175 91.588 0.232 6.6E-4 0.221 0.070 5.3E-4 0.0044 5.7E-4 7.6E-4 6.2E-4 7.3E-4
586.883 91.594 0.231 0.0018 0.221 0.067 5.1E-4 0.0045 5.9E-4 0.0011 6.4E-4 6.2E-4
604.080 91.600 0.231 0.0014 0.221 0.065 5.8E-4 0.0044 7.6E-4 8.5E-4 8.4E-4 6.3E-4
621.780 91.606 0.230 0.0016 0.221 0.062 6.4E-4 0.0041 6.3E-4 9.8E-4 8.4E-4 6.7E-4
640.000 91.612 0.229 0.0015 0.221 0.060 7.6E-4 0.0038 6.0E-4 8.0E-4 6.4E-4 6.0E-4
658.753 91.618 0.228 0.0015 0.221 0.058 8.6E-4 0.0037 6.0E-4 9.1E-4 5.1E-4 7.5E-4
678.056 91.623 0.227 8.6E-4 0.220 0.056 8.6E-4 0.0038 5.9E-4 0.0010 4.9E-4 7.5E-4
697.925 91.629 0.227 0.0014 0.220 0.054 7.2E-4 0.0037 7.0E-4 9.1E-4 5.4E-4 6.4E-4
718.376 91.635 0.226 0.0012 0.220 0.052 7.3E-4 0.0038 6.5E-4 0.0010 7.8E-4 5.5E-4
739.426 91.640 0.226 0.0010 0.220 0.050 7.6E-4 0.0039 7.5E-4 0.0010 7.3E-4 5.4E-4
761.093 91.645 0.225 0.0010 0.220 0.049 7.4E-4 0.0038 7.0E-4 1.0E-3 6.6E-4 7.0E-4
783.394 91.651 0.225 0.0014 0.220 0.047 9.1E-4 0.0040 6.8E-4 0.0010 6.3E-4 7.7E-4
806.349 91.656 0.224 0.0011 0.220 0.045 0.0011 0.0039 5.5E-4 9.3E-4 6.3E-4 6.9E-4
829.977 91.661 0.224 0.0016 0.219 0.044 9.7E-4 0.0041 6.6E-4 9.2E-4 8.0E-4 6.5E-4
854.297 91.666 0.223 0.0025 0.219 0.042 9.1E-4 0.0042 5.0E-4 9.9E-4 8.5E-4 6.7E-4
879.330 91.671 0.223 0.0018 0.219 0.041 8.8E-4 0.0039 5.8E-4 9.7E-4 8.1E-4 6.5E-4
905.097 91.676 0.222 0.0015 0.219 0.040 9.3E-4 0.0038 7.3E-4 7.7E-4 7.5E-4 7.4E-4
931.618 91.681 0.222 0.0013 0.219 0.039 9.4E-4 0.0040 6.9E-4 8.2E-4 8.4E-4 8.0E-4
958.917 91.686 0.222 0.0015 0.219 0.037 0.0010 0.0036 8.2E-4 8.0E-4 6.6E-4 7.4E-4
987.015 91.691 0.222 0.0013 0.219 0.036 0.0010 0.0037 7.4E-4 8.1E-4 6.0E-4 6.9E-4
1015.937 91.695 0.221 0.0012 0.219 0.035 9.0E-4 0.0039 8.0E-4 8.8E-4 7.5E-4 7.2E-4
1045.706 91.700 0.221 0.0022 0.218 0.035 8.1E-4 0.0038 7.6E-4 8.7E-4 8.0E-4 7.7E-4
1076.347 91.704 0.221 0.0015 0.218 0.034 9.6E-4 0.0038 7.8E-4 9.1E-4 9.0E-4 7.5E-4
1107.887 91.709 0.220 0.0016 0.218 0.033 8.9E-4 0.0037 6.6E-4 7.3E-4 9.2E-4 6.6E-4
1140.350 91.713 0.220 0.0018 0.218 0.032 7.6E-4 0.0038 7.4E-4 7.8E-4 8.3E-4 8.2E-4
1173.765 91.717 0.220 0.0020 0.217 0.031 8.3E-4 0.0039 7.4E-4 7.1E-4 8.7E-4 7.9E-4
1208.159 91.721 0.220 0.0018 0.218 0.031 9.8E-4 0.0037 8.7E-4 8.4E-4 9.6E-4 7.3E-4
1243.561 91.726 0.220 0.0023 0.217 0.030 9.0E-4 0.0036 9.3E-4 8.6E-4 8.2E-4 8.3E-4
1280.000 91.730 0.219 0.0022 0.217 0.029 8.7E-4 0.0036 9.1E-4 9.4E-4 7.7E-4 8.4E-4
1317.507 91.734 0.219 0.0022 0.217 0.029 9.5E-4 0.0037 8.6E-4 9.1E-4 9.4E-4 8.3E-4
1356.113 91.738 0.219 0.0018 0.217 0.028 9.3E-4 0.0036 9.0E-4 7.4E-4 9.9E-4 7.4E-4
1395.850 91.741 0.219 0.0019 0.217 0.028 8.5E-4 0.0034 0.0011 8.4E-4 8.3E-4 8.7E-4
1436.751 91.745 0.218 0.0016 0.217 0.027 7.9E-4 0.0033 9.8E-4 8.9E-4 9.3E-4 0.0010
1478.851 91.749 0.218 0.0020 0.216 0.027 8.7E-4 0.0031 0.0010 9.3E-4 8.7E-4 9.8E-4
1522.185 91.752 0.218 0.0022 0.216 0.026 0.0011 0.0031 8.8E-4 0.0010 8.5E-4 8.7E-4
1566.789 91.756 0.218 0.0023 0.216 0.026 0.0010 0.0030 9.4E-4 0.0010 9.8E-4 1.0E-3
1612.699 91.759 0.218 0.0017 0.216 0.026 0.0010 0.0025 0.0011 9.6E-4 9.7E-4 9.6E-4
1659.955 91.762 0.217 0.0020 0.216 0.025 8.2E-4 0.0027 0.0011 9.4E-4 9.4E-4 9.7E-4
1708.595 91.766 0.217 0.0018 0.216 0.025 1.0E-3 0.0026 0.0012 9.2E-4 8.5E-4 9.0E-4
1758.661 91.769 0.217 0.0021 0.216 0.025 8.9E-4 0.0025 0.0010 9.4E-4 9.4E-4 8.6E-4
1810.193 91.772 0.217 0.0019 0.215 0.024 9.5E-4 0.0026 9.3E-4 0.0010 0.0010 8.7E-4
1863.236 91.775 0.217 0.0020 0.215 0.024 0.0011 0.0021 0.0010 0.0011 9.3E-4 9.1E-4
1917.833 91.778 0.217 0.0020 0.215 0.024 0.0011 0.0022 0.0011 9.6E-4 9.7E-4 8.9E-4
1974.030 91.780 0.216 0.0020 0.215 0.023 0.0012 0.0024 0.0011 9.8E-4 8.6E-4 8.3E-4
2031.873 91.783 0.217 0.0019 0.215 0.023 0.0012 0.0022 0.0011 0.0011 9.3E-4 8.9E-4
2091.412 91.785 0.216 0.0020 0.215 0.022 0.0012 0.0019 0.0011 0.0011 9.6E-4 8.6E-4
2152.695 91.788 0.216 0.0029 0.215 0.022 0.0012 0.0018 0.0011 0.0010 9.9E-4 7.1E-4
2215.774 91.790 0.216 0.0021 0.215 0.022 0.0011 0.0018 0.0011 0.0011 9.1E-4 7.0E-4
2280.701 91.792 0.216 0.0025 0.215 0.022 0.0012 0.0016 0.0010 0.0011 8.5E-4 7.3E-4
2347.530 91.794 0.216 0.0034 0.215 0.021 0.0011 0.0016 0.0011 0.0011 8.0E-4 6.8E-4
2416.318 91.796 0.216 0.0024 0.215 0.021 0.0013 0.0016 0.0011 0.0012 8.9E-4 6.5E-4
