* Distortion data saved by REW V5.20.13
* Dated: Sep 10, 2023 9:49:03 PM
* Source: ASIO ASIO Lynx, Aurora(n) Record 26
* Format: 256k Log Swept Sine, 1 sweep at -14.0 dBFS with no timing reference
* Measurement: VSP-2+18DB 九月 11
* Frequency Step: 24 ppo
* Freq (Hz) Fundamental (dB) THD (%) Noise (%) H2 (%) H3 (%) H4 (%) H5 (%) H6 (%) H7 (%) H8 (%) H9 (%)
10.000 103.014 0.091 0.0049 0.038 0.078 0.019 0.017 0.0063 0.0058 0.0015 0.0020
10.293 103.036 0.087 0.0053 0.033 0.076 0.018 0.016 0.0063 0.0056 0.0015 0.0020
10.595 103.049 0.083 0.0053 0.029 0.074 0.018 0.015 0.0063 0.0054 0.0016 0.0020
10.905 103.059 0.080 0.0053 0.025 0.072 0.017 0.014 0.0062 0.0052 0.0016 0.0019
11.225 103.065 0.077 0.0053 0.021 0.070 0.017 0.013 0.0061 0.0050 0.0016 0.0019
11.554 103.071 0.074 0.0053 0.019 0.068 0.017 0.013 0.0059 0.0048 0.0016 0.0018
11.892 103.076 0.071 0.0053 0.017 0.066 0.016 0.012 0.0058 0.0046 0.0016 0.0018
12.241 103.079 0.069 0.0053 0.016 0.064 0.015 0.011 0.0056 0.0043 0.0016 0.0017
12.599 103.080 0.067 0.0053 0.015 0.063 0.015 0.010 0.0054 0.0041 0.0016 0.0016
12.968 103.080 0.065 0.0053 0.014 0.061 0.014 0.0093 0.0051 0.0038 0.0016 0.0015
13.348 103.080 0.063 0.0022 0.013 0.060 0.013 0.0084 0.0048 0.0036 0.0016 0.0014
13.740 103.079 0.061 0.0022 0.013 0.058 0.012 0.0075 0.0045 0.0033 0.0017 0.0013
14.142 103.077 0.060 0.0022 0.013 0.056 0.012 0.0067 0.0042 0.0031 0.0017 0.0012
14.557 103.075 0.058 0.0022 0.012 0.055 0.011 0.0060 0.0039 0.0028 0.0018 0.0011
14.983 103.073 0.056 0.0022 0.012 0.054 0.010 0.0054 0.0036 0.0026 0.0018 9.9E-4
15.422 103.071 0.055 0.0022 0.012 0.052 0.0095 0.0049 0.0033 0.0023 0.0018 8.9E-4
15.874 103.068 0.053 0.0022 0.013 0.050 0.0088 0.0044 0.0030 0.0021 0.0019 8.1E-4
16.339 103.065 0.051 0.0019 0.013 0.049 0.0080 0.0040 0.0027 0.0018 0.0019 7.5E-4
16.818 103.063 0.049 0.0019 0.013 0.047 0.0072 0.0036 0.0025 0.0016 0.0018 6.9E-4
17.311 103.060 0.047 0.0019 0.013 0.045 0.0064 0.0032 0.0022 0.0013 0.0017 6.2E-4
17.818 103.057 0.045 0.0019 0.012 0.043 0.0056 0.0029 0.0018 0.0011 0.0016 5.4E-4
18.340 103.054 0.043 0.0019 0.012 0.041 0.0049 0.0025 0.0015 9.4E-4 0.0014 4.7E-4
18.877 103.051 0.041 0.0019 0.012 0.039 0.0042 0.0022 0.0012 9.2E-4 0.0013 3.8E-4
19.431 103.049 0.039 0.0021 0.012 0.037 0.0036 0.0021 9.5E-4 9.2E-4 0.0012 3.2E-4
20.000 103.046 0.037 0.0021 0.012 0.035 0.0031 0.0021 6.4E-4 9.1E-4 0.0012 3.3E-4
20.586 103.043 0.036 0.0021 0.012 0.033 0.0027 0.0023 3.8E-4 9.2E-4 0.0011 4.0E-4
21.189 103.041 0.034 0.0021 0.012 0.032 0.0023 0.0026 2.5E-4 9.4E-4 0.0011 4.7E-4
21.810 103.038 0.033 0.0021 0.013 0.031 0.0020 0.0028 2.3E-4 9.5E-4 0.0011 5.6E-4
22.449 103.036 0.032 0.0021 0.013 0.029 0.0019 0.0028 3.0E-4 9.1E-4 9.7E-4 6.2E-4
23.107 103.034 0.031 0.0021 0.013 0.028 0.0017 0.0027 4.4E-4 8.6E-4 7.6E-4 6.4E-4
23.784 103.032 0.029 0.0021 0.012 0.027 0.0016 0.0025 5.6E-4 8.5E-4 5.1E-4 6.2E-4
24.481 103.030 0.028 0.0021 0.011 0.025 0.0014 0.0022 6.8E-4 8.7E-4 2.8E-4 5.6E-4
25.198 103.028 0.026 0.0018 0.0099 0.024 0.0013 0.0020 7.5E-4 8.8E-4 2.1E-4 4.8E-4
25.937 103.026 0.024 0.0018 0.0089 0.022 0.0013 0.0018 6.6E-4 8.6E-4 2.3E-4 3.9E-4
26.697 103.024 0.023 0.0018 0.0085 0.021 0.0013 0.0014 4.7E-4 8.0E-4 2.2E-4 3.1E-4
27.479 103.023 0.022 0.0018 0.0086 0.020 0.0014 0.0011 3.4E-4 6.9E-4 1.7E-4 2.8E-4
28.284 103.021 0.020 0.0016 0.0083 0.018 0.0014 9.0E-4 2.6E-4 5.7E-4 1.8E-4 3.2E-4
29.113 103.020 0.019 0.0016 0.0076 0.017 0.0014 0.0010 2.2E-4 4.1E-4 2.6E-4 4.0E-4
29.966 103.018 0.018 0.0016 0.0073 0.017 0.0012 0.0012 2.6E-4 3.0E-4 3.6E-4 4.8E-4
30.844 103.017 0.018 0.0015 0.0071 0.016 0.0010 0.0013 3.9E-4 3.3E-4 4.8E-4 5.1E-4
31.748 103.016 0.017 0.0015 0.0068 0.015 9.1E-4 0.0013 5.1E-4 4.7E-4 5.3E-4 4.9E-4
32.678 103.015 0.016 0.0015 0.0064 0.014 8.6E-4 0.0011 6.0E-4 6.6E-4 5.4E-4 4.2E-4
33.636 103.014 0.015 0.0015 0.0060 0.014 8.9E-4 8.0E-4 6.6E-4 8.6E-4 5.1E-4 3.4E-4
34.621 103.013 0.014 0.0024 0.0054 0.013 0.0011 4.5E-4 6.7E-4 9.2E-4 5.0E-4 3.4E-4
35.636 103.012 0.013 0.0024 0.0047 0.012 0.0014 3.4E-4 5.5E-4 9.8E-4 4.8E-4 4.3E-4
36.680 103.011 0.012 0.0018 0.0040 0.011 0.0016 4.5E-4 3.5E-4 0.0011 4.5E-4 6.6E-4
37.755 103.010 0.011 0.0018 0.0038 0.010 0.0016 5.9E-4 3.1E-4 0.0012 4.4E-4 9.2E-4
38.861 103.010 0.011 0.0018 0.0034 0.0098 0.0012 5.8E-4 3.7E-4 0.0012 4.9E-4 0.0011
40.000 103.009 0.010 0.0021 0.0030 0.0095 5.7E-4 4.7E-4 5.1E-4 0.0012 5.5E-4 0.0011
41.172 103.008 0.0096 0.0021 0.0027 0.0090 2.4E-4 3.8E-4 6.9E-4 0.0010 5.8E-4 8.6E-4
42.379 103.008 0.0087 0.0021 0.0023 0.0083 2.4E-4 3.9E-4 6.8E-4 9.1E-4 5.8E-4 5.4E-4
43.620 103.008 0.0082 0.0016 0.0025 0.0076 4.2E-4 3.6E-4 6.0E-4 8.4E-4 5.9E-4 3.7E-4
44.898 103.007 0.0078 0.0016 0.0028 0.0071 5.5E-4 4.2E-4 5.4E-4 8.6E-4 6.1E-4 3.5E-4
46.214 103.007 0.0075 0.0030 0.0027 0.0068 5.0E-4 7.9E-4 7.3E-4 9.3E-4 6.5E-4 4.0E-4
47.568 103.006 0.0070 0.0030 0.0023 0.0063 4.7E-4 0.0010 8.8E-4 0.0010 6.8E-4 3.2E-4
48.962 103.006 0.0061 0.0057 0.0018 0.0055 4.9E-4 9.1E-4 7.7E-4 0.0010 7.2E-4 3.5E-4
50.397 103.006 0.0048 0.0057 0.0015 0.0043 4.4E-4 5.8E-4 4.8E-4 8.2E-4 7.9E-4 5.1E-4
51.874 103.006 0.0044 0.0040 0.0014 0.0039 2.8E-4 3.8E-4 2.4E-4 6.2E-4 8.5E-4 5.9E-4
53.394 103.005 0.0046 0.0040 0.0019 0.0040 2.6E-4 3.0E-4 1.6E-4 6.6E-4 8.5E-4 6.8E-4
54.958 103.005 0.0052 0.0024 0.0029 0.0041 4.7E-4 2.1E-4 1.7E-4 6.2E-4 8.7E-4 6.4E-4
56.569 103.005 0.0050 0.0024 0.0027 0.0040 4.8E-4 2.2E-4 1.9E-4 4.9E-4 9.3E-4 5.1E-4
58.226 103.005 0.0045 0.0017 0.0020 0.0038 2.2E-4 3.1E-4 3.5E-4 4.6E-4 8.2E-4 4.9E-4
59.932 103.005 0.0037 0.0017 0.0013 0.0032 4.6E-4 5.5E-4 3.9E-4 5.7E-4 8.5E-4 4.0E-4
61.688 103.005 0.0033 0.0028 0.0011 0.0026 7.9E-4 7.0E-4 3.9E-4 7.3E-4 9.6E-4 3.6E-4
63.496 103.005 0.0031 0.0020 7.4E-4 0.0025 9.4E-4 8.2E-4 4.6E-4 7.2E-4 6.6E-4 2.5E-4
65.357 103.005 0.0031 0.0020 4.4E-4 0.0025 9.5E-4 0.0012 5.5E-4 5.2E-4 4.3E-4 3.0E-4
67.272 103.005 0.0027 0.0013 5.7E-4 0.0021 7.0E-4 1.0E-3 5.1E-4 4.1E-4 4.5E-4 3.5E-4
69.243 103.005 0.0025 0.0015 6.5E-4 0.0019 5.2E-4 7.2E-4 6.5E-4 4.1E-4 6.9E-4 3.7E-4
71.272 103.005 0.0024 0.0015 6.3E-4 0.0015 4.9E-4 9.4E-4 0.0011 4.4E-4 7.0E-4 4.6E-4
73.360 103.005 0.0027 0.0016 0.0015 0.0014 6.5E-4 6.2E-4 0.0010 6.6E-4 7.6E-4 4.5E-4
75.510 103.005 0.0031 0.0012 0.0018 0.0018 7.3E-4 7.0E-4 8.3E-4 8.2E-4 4.9E-4 5.0E-4
77.723 103.006 0.0032 9.4E-4 0.0012 0.0022 9.8E-4 7.5E-4 6.9E-4 7.1E-4 7.9E-4 7.2E-4
80.000 103.006 0.0035 9.4E-4 9.6E-4 0.0023 0.0012 7.2E-4 4.7E-4 8.0E-4 0.0013 0.0010
82.344 103.006 0.0034 0.0015 8.8E-4 0.0022 0.0010 4.7E-4 3.7E-4 0.0012 0.0013 0.0011
84.757 103.006 0.0027 0.0025 0.0012 0.0014 8.4E-4 4.8E-4 3.7E-4 0.0011 9.8E-4 7.4E-4
87.241 103.006 0.0025 0.0015 0.0013 7.4E-4 0.0010 8.8E-4 4.4E-4 8.5E-4 8.2E-4 6.6E-4
89.797 103.007 0.0022 0.0013 0.0010 4.9E-4 9.4E-4 9.2E-4 5.7E-4 7.2E-4 9.1E-4 4.6E-4
92.428 103.007 0.0023 0.0012 7.9E-4 2.0E-4 0.0010 8.5E-4 6.6E-4 5.9E-4 0.0014 5.4E-4
95.137 103.007 0.0025 0.0012 8.6E-4 3.5E-4 9.5E-4 0.0012 6.1E-4 6.2E-4 0.0014 6.7E-4
97.924 103.007 0.0025 0.0027 1.0E-3 7.0E-4 6.5E-4 0.0017 4.2E-4 8.0E-4 6.9E-4 4.9E-4
100.794 103.007 0.0026 0.0028 0.0012 9.4E-4 5.8E-4 0.0015 8.5E-4 8.2E-4 2.5E-4 6.7E-4
103.747 103.007 0.0023 0.0012 0.0012 4.7E-4 9.6E-4 7.8E-4 9.8E-4 7.7E-4 2.3E-4 8.8E-4
106.787 103.008 0.0020 0.0025 7.9E-4 8.6E-4 0.0011 5.1E-4 6.9E-4 4.5E-4 3.2E-4 7.3E-4
109.916 103.008 0.0021 0.0026 6.8E-4 5.2E-4 0.0012 7.6E-4 6.0E-4 4.6E-4 4.7E-4 0.0010
113.137 103.008 0.0026 0.0013 0.0011 3.5E-4 0.0013 9.8E-4 7.5E-4 3.0E-4 0.0011 9.4E-4
116.452 103.008 0.0027 0.0019 0.0011 8.2E-4 8.9E-4 6.3E-4 6.3E-4 4.5E-4 0.0017 7.3E-4
119.865 103.009 0.0025 0.0012 9.0E-4 7.8E-4 9.1E-4 5.0E-4 5.0E-4 7.3E-4 0.0016 5.6E-4
123.377 103.009 0.0024 0.0015 0.0014 4.9E-4 0.0012 6.5E-4 4.4E-4 4.2E-4 0.0010 7.3E-4
126.992 103.009 0.0029 0.0020 0.0017 7.2E-4 0.0015 7.8E-4 6.1E-4 3.6E-4 6.2E-4 8.9E-4
130.713 103.010 0.0025 0.0014 0.0012 9.1E-4 0.0013 9.9E-4 6.5E-4 2.5E-4 4.2E-4 8.8E-4
134.543 103.010 0.0020 0.0012 6.6E-4 8.1E-4 7.6E-4 0.0012 5.9E-4 4.0E-4 5.1E-4 3.7E-4
138.486 103.010 0.0023 0.0018 8.1E-4 5.3E-4 8.8E-4 0.0015 2.9E-4 6.5E-4 6.4E-4 5.9E-4
142.544 103.010 0.0023 0.0020 9.2E-4 4.2E-4 0.0011 9.1E-4 5.9E-4 8.9E-4 7.6E-4 7.3E-4
146.721 103.011 0.0025 0.0018 0.0013 6.8E-4 0.0012 6.3E-4 6.6E-4 7.5E-4 9.3E-4 6.1E-4
151.020 103.011 0.0026 0.0042 0.0015 6.3E-4 7.4E-4 6.6E-4 4.3E-4 9.7E-4 0.0010 7.9E-4
155.445 103.011 0.0021 0.0022 0.0012 6.5E-4 3.6E-4 6.8E-4 4.5E-4 8.3E-4 6.0E-4 7.9E-4
160.000 103.012 0.0023 0.0028 0.0011 8.8E-4 8.5E-4 7.8E-4 5.4E-4 8.8E-4 5.8E-4 8.0E-4
164.688 103.012 0.0028 0.0024 0.0013 8.6E-4 0.0015 9.6E-4 4.6E-4 5.4E-4 8.7E-4 8.8E-4
169.514 103.012 0.0034 0.0020 0.0018 0.0010 0.0016 0.0011 9.6E-4 8.0E-4 8.6E-4 9.5E-4
174.481 103.012 0.0030 0.0026 0.0014 9.2E-4 0.0012 8.1E-4 0.0014 9.5E-4 5.1E-4 0.0011
179.594 103.013 0.0029 0.0026 0.0011 0.0011 0.0013 8.2E-4 0.0015 7.5E-4 6.0E-4 6.5E-4
184.856 103.013 0.0028 0.0019 0.0010 0.0014 0.0011 7.0E-4 0.0012 5.7E-4 0.0011 4.3E-4
190.273 103.013 0.0025 0.0025 5.7E-4 0.0012 9.4E-4 0.0011 8.5E-4 9.3E-4 8.2E-4 3.0E-4
195.849 103.014 0.0027 0.0027 4.8E-4 0.0014 8.2E-4 0.0011 9.8E-4 0.0012 6.3E-4 6.2E-4
201.587 103.014 0.0028 0.0019 8.1E-4 0.0013 0.0012 0.0011 9.3E-4 9.5E-4 4.2E-4 8.9E-4
207.494 103.014 0.0030 0.0022 0.0014 0.0013 7.7E-4 0.0013 9.8E-4 8.1E-4 4.7E-4 0.0011
213.574 103.015 0.0031 0.0028 0.0014 0.0013 0.0011 0.0011 0.0013 5.0E-4 8.4E-4 9.8E-4
219.833 103.015 0.0034 0.0028 0.0017 8.8E-4 0.0010 9.2E-4 0.0015 6.5E-4 0.0014 0.0012
226.274 103.015 0.0036 0.0016 0.0018 0.0012 0.0012 9.9E-4 0.0011 0.0011 0.0013 0.0012
232.905 103.016 0.0034 0.0027 0.0016 9.1E-4 0.0014 0.0011 9.8E-4 0.0012 9.4E-4 0.0012
239.729 103.016 0.0030 0.0023 0.0019 8.8E-4 6.8E-4 7.5E-4 0.0011 9.8E-4 0.0011 8.0E-4
246.754 103.016 0.0032 0.0033 0.0015 0.0011 8.0E-4 0.0011 0.0012 9.3E-4 0.0013 8.3E-4
253.984 103.017 0.0034 0.0030 0.0013 0.0016 8.6E-4 0.0013 0.0011 8.3E-4 0.0014 8.9E-4
261.426 103.017 0.0035 0.0019 0.0013 0.0019 0.0010 0.0015 9.2E-4 6.0E-4 9.3E-4 0.0012
269.087 103.017 0.0037 0.0028 0.0013 0.0011 0.0010 0.0017 0.0012 7.6E-4 0.0012 0.0018
276.972 103.018 0.0034 0.0020 0.0015 0.0012 9.6E-4 9.3E-4 0.0013 0.0011 8.6E-4 0.0016
285.088 103.018 0.0034 0.0028 0.0012 0.0015 9.1E-4 0.0010 0.0011 0.0010 0.0012 0.0015
293.441 103.018 0.0031 0.0039 0.0011 0.0011 0.0010 8.9E-4 0.0016 0.0010 8.4E-4 0.0011
302.040 103.019 0.0034 0.0026 9.1E-4 0.0011 9.6E-4 0.0010 0.0014 0.0010 0.0013 0.0016
310.890 103.019 0.0037 0.0029 0.0014 0.0013 7.2E-4 0.0014 0.0013 0.0015 9.5E-4 0.0016
320.000 103.019 0.0038 0.0016 0.0017 9.6E-4 9.5E-4 0.0011 0.0011 0.0020 0.0013 0.0013
329.377 103.019 0.0034 0.0026 0.0012 0.0012 8.0E-4 8.4E-4 0.0016 0.0015 0.0012 1.0E-3
339.028 103.020 0.0038 0.0031 0.0015 0.0022 0.0011 0.0012 9.5E-4 0.0013 0.0011 0.0011
348.962 103.020 0.0034 0.0045 0.0012 0.0020 0.0010 0.0012 0.0011 6.9E-4 0.0011 0.0011
359.188 103.021 0.0035 0.0017 0.0012 8.9E-4 0.0011 0.0015 0.0010 0.0013 0.0012 0.0014
369.713 103.021 0.0041 0.0028 0.0014 0.0014 0.0011 0.0014 0.0016 0.0014 0.0016 0.0016
380.546 103.021 0.0045 0.0027 0.0017 0.0019 0.0012 0.0015 0.0017 0.0014 0.0013 0.0018
391.697 103.022 0.0047 0.0022 0.0021 0.0020 0.0014 0.0018 0.0017 0.0014 0.0013 0.0014
403.175 103.022 0.0044 0.0031 0.0018 0.0020 0.0015 0.0011 0.0017 0.0013 0.0015 0.0014
414.989 103.022 0.0040 0.0023 0.0018 0.0018 0.0011 0.0012 0.0012 0.0015 0.0013 0.0013
427.149 103.022 0.0046 0.0023 0.0022 0.0014 0.0012 0.0012 0.0021 0.0018 0.0015 0.0014
439.665 103.023 0.0042 0.0030 0.0020 0.0011 0.0013 0.0013 0.0017 0.0014 0.0016 0.0011
452.548 103.023 0.0038 0.0048 0.0018 0.0015 0.0014 0.0014 0.0013 0.0012 0.0013 8.5E-4
465.809 103.023 0.0042 0.0052 0.0016 0.0013 0.0013 0.0016 0.0017 0.0018 9.3E-4 0.0012
479.458 103.024 0.0048 0.0032 0.0015 0.0015 0.0014 0.0020 0.0018 0.0020 0.0014 0.0016
493.507 103.024 0.0042 0.0022 0.0013 0.0015 0.0015 0.0017 0.0014 0.0020 0.0010 0.0013
507.968 103.024 0.0039 0.0037 0.0015 0.0010 0.0012 0.0021 0.0012 0.0013 0.0013 0.0011
522.853 103.024 0.0039 0.0032 0.0016 0.0014 0.0015 0.0018 0.0012 0.0016 0.0011 9.1E-4
538.174 103.025 0.0046 0.0031 0.0020 0.0023 0.0019 0.0018 0.0014 0.0012 9.3E-4 0.0011
553.943 103.025 0.0043 0.0031 0.0018 0.0021 0.0015 0.0012 0.0014 0.0013 0.0013 0.0012
570.175 103.025 0.0043 0.0029 0.0019 0.0014 0.0012 0.0015 0.0014 9.4E-4 0.0014 0.0021
586.883 103.026 0.0046 0.0048 0.0021 0.0017 0.0013 0.0019 0.0017 0.0014 0.0013 0.0017
604.080 103.026 0.0048 0.0030 0.0020 0.0018 0.0019 0.0012 0.0018 0.0017 0.0013 0.0015
621.780 103.026 0.0047 0.0032 0.0016 0.0012 0.0023 0.0013 0.0018 0.0018 0.0014 0.0013
640.000 103.026 0.0046 0.0040 0.0017 0.0014 0.0021 0.0016 0.0012 0.0015 0.0019 0.0014
658.753 103.027 0.0046 0.0031 0.0013 0.0017 0.0019 0.0017 0.0016 0.0011 0.0018 0.0018
678.056 103.027 0.0050 0.0043 0.0020 0.0017 0.0015 0.0019 0.0021 0.0011 0.0017 0.0019
697.925 103.027 0.0050 0.0033 0.0019 0.0017 0.0020 0.0015 0.0016 0.0013 0.0017 0.0023
718.376 103.027 0.0049 0.0033 0.0020 0.0018 0.0023 0.0018 0.0013 0.0010 0.0014 0.0018
739.426 103.027 0.0050 0.0023 0.0020 0.0018 0.0023 0.0019 0.0011 0.0011 0.0016 0.0019
761.093 103.027 0.0052 0.0024 0.0019 0.0019 0.0020 0.0018 0.0013 0.0017 0.0017 0.0023
783.394 103.028 0.0055 0.0063 0.0020 0.0013 0.0019 0.0018 0.0018 0.0023 0.0022 0.0020
806.349 103.028 0.0055 0.0028 0.0018 0.0017 0.0019 0.0013 0.0020 0.0023 0.0022 0.0022
829.977 103.028 0.0053 0.0039 0.0019 0.0021 0.0016 0.0020 0.0017 0.0017 0.0025 0.0016
854.297 103.028 0.0059 0.0035 0.0021 0.0020 0.0018 0.0026 0.0015 0.0019 0.0028 0.0013
879.330 103.028 0.0061 0.0035 0.0023 0.0021 0.0021 0.0019 0.0023 0.0018 0.0030 0.0015
905.097 103.028 0.0059 0.0067 0.0024 0.0024 0.0021 0.0016 0.0019 0.0022 0.0023 0.0018
931.618 103.028 0.0059 0.0035 0.0025 0.0021 0.0020 0.0027 0.0015 0.0019 0.0022 0.0015
958.917 103.028 0.0066 0.0055 0.0023 0.0027 0.0022 0.0027 0.0015 0.0022 0.0025 0.0023
987.015 103.028 0.0066 0.0043 0.0023 0.0028 0.0023 0.0017 0.0020 0.0021 0.0025 0.0025
1015.937 103.028 0.0067 0.0033 0.0029 0.0023 0.0029 0.0021 0.0021 0.0025 0.0017 0.0021
1045.706 103.028 0.0067 0.0049 0.0029 0.0021 0.0027 0.0029 0.0022 0.0024 0.0017 0.0021
1076.347 103.028 0.0070 0.0046 0.0027 0.0023 0.0025 0.0028 0.0023 0.0024 0.0021 0.0025
1107.887 103.028 0.0064 0.0034 0.0016 0.0025 0.0020 0.0026 0.0024 0.0019 0.0027 0.0022
1140.350 103.028 0.0061 0.0049 0.0018 0.0026 0.0021 0.0018 0.0026 0.0019 0.0026 0.0016
1173.765 103.028 0.0068 0.0033 0.0024 0.0028 0.0018 0.0020 0.0030 0.0022 0.0025 0.0023
1208.159 103.028 0.0067 0.0046 0.0025 0.0020 0.0020 0.0025 0.0028 0.0022 0.0025 0.0024
1243.561 103.027 0.0069 0.0042 0.0025 0.0019 0.0020 0.0030 0.0028 0.0023 0.0025 0.0022
1280.000 103.027 0.0066 0.0066 0.0027 0.0020 0.0023 0.0021 0.0027 0.0021 0.0023 0.0023
1317.507 103.027 0.0067 0.0053 0.0024 0.0021 0.0030 0.0019 0.0024 0.0025 0.0024 0.0021
1356.113 103.026 0.0068 0.0065 0.0022 0.0024 0.0029 0.0019 0.0029 0.0023 0.0023 0.0020
1395.850 103.026 0.0073 0.0048 0.0022 0.0026 0.0028 0.0024 0.0029 0.0023 0.0024 0.0030
1436.751 103.026 0.0075 0.0065 0.0027 0.0028 0.0029 0.0026 0.0028 0.0026 0.0020 0.0027
1478.851 103.025 0.0081 0.0050 0.0029 0.0032 0.0031 0.0028 0.0029 0.0029 0.0025 0.0023
1522.185 103.025 0.0077 0.0065 0.0025 0.0023 0.0037 0.0026 0.0030 0.0025 0.0024 0.0024
1566.789 103.024 0.0073 0.0058 0.0027 0.0021 0.0029 0.0026 0.0029 0.0022 0.0025 0.0027
1612.699 103.024 0.0077 0.0057 0.0033 0.0021 0.0031 0.0028 0.0030 0.0023 0.0021 0.0028
1659.955 103.023 0.0076 0.0052 0.0024 0.0025 0.0034 0.0027 0.0022 0.0028 0.0024 0.0028
1708.595 103.023 0.0082 0.0052 0.0023 0.0032 0.0030 0.0029 0.0031 0.0027 0.0031 0.0029
1758.661 103.022 0.0079 0.0047 0.0026 0.0026 0.0031 0.0027 0.0034 0.0025 0.0029 0.0025
1810.193 103.021 0.0079 0.0050 0.0031 0.0027 0.0028 0.0027 0.0027 0.0029 0.0026 0.0027
1863.236 103.021 0.0082 0.0065 0.0035 0.0028 0.0027 0.0028 0.0028 0.0029 0.0023 0.0031
1917.833 103.020 0.0084 0.0062 0.0038 0.0028 0.0024 0.0029 0.0035 0.0030 0.0025 0.0025
1974.030 103.019 0.0084 0.0063 0.0033 0.0028 0.0026 0.0030 0.0034 0.0032 0.0027 0.0026
2031.873 103.018 0.0087 0.0056 0.0033 0.0027 0.0032 0.0033 0.0035 0.0027 0.0032 0.0025
2091.412 103.017 0.0088 0.0058 0.0038 0.0026 0.0031 0.0027 0.0030 0.0036 0.0034 0.0024
2152.695 103.016 0.0085 0.0073 0.0038 0.0031 0.0031 0.0029 0.0028 0.0031 0.0027 0.0024
2215.774 103.015 0.0082 0.0084 0.0031 0.0030 0.0030 0.0032 0.0032 0.0026 0.0027 0.0021
2280.701 103.014 0.0087 0.0064 0.0035 0.0032 0.0034 0.0031 0.0031 0.0030 0.0028 0.0024
2347.530 103.012 0.0089 0.0055 0.0038 0.0036 0.0031 0.0035 0.0032 0.0028 0.0028 0.0020
2416.318 103.011 0.0096 0.0050 0.0042 0.0035 0.0039 0.0034 0.0033 0.0032 0.0032 0.0021
