* Distortion data saved by REW V5.20.13
* Dated: Sep 10, 2023 9:50:05 PM
* Source: ASIO ASIO Lynx, Aurora(n) Record 26
* Format: 256k Log Swept Sine, 1 sweep at -14.0 dBFS with no timing reference
* Measurement: VSP-2+24DB 九月 11
* Frequency Step: 24 ppo
* Freq (Hz) Fundamental (dB) THD (%) Noise (%) H2 (%) H3 (%) H4 (%) H5 (%) H6 (%) H7 (%) H8 (%) H9 (%)
10.000 102.989 0.091 0.0030 0.042 0.076 0.020 0.017 0.0059 0.0062 0.0018 0.0021
10.293 103.012 0.087 0.0023 0.037 0.074 0.020 0.016 0.0059 0.0060 0.0019 0.0022
10.595 103.026 0.084 0.0023 0.032 0.073 0.020 0.015 0.0059 0.0058 0.0018 0.0022
10.905 103.037 0.080 0.0023 0.028 0.071 0.019 0.015 0.0059 0.0056 0.0018 0.0022
11.225 103.045 0.077 0.0023 0.024 0.069 0.019 0.014 0.0058 0.0054 0.0017 0.0022
11.554 103.051 0.074 0.0023 0.022 0.067 0.018 0.013 0.0057 0.0051 0.0017 0.0022
11.892 103.057 0.072 0.0023 0.019 0.065 0.018 0.012 0.0056 0.0048 0.0016 0.0021
12.241 103.061 0.070 0.0023 0.017 0.064 0.017 0.011 0.0055 0.0046 0.0015 0.0020
12.599 103.063 0.068 0.0023 0.016 0.062 0.017 0.010 0.0053 0.0043 0.0014 0.0019
12.968 103.063 0.065 0.0023 0.015 0.061 0.016 0.0092 0.0051 0.0040 0.0013 0.0017
13.348 103.064 0.063 0.0014 0.014 0.059 0.015 0.0084 0.0049 0.0038 0.0012 0.0016
13.740 103.064 0.062 0.0014 0.013 0.058 0.014 0.0076 0.0046 0.0036 0.0012 0.0014
14.142 103.063 0.060 0.0014 0.013 0.056 0.013 0.0068 0.0042 0.0035 0.0012 0.0013
14.557 103.062 0.058 0.0014 0.013 0.054 0.012 0.0061 0.0037 0.0034 0.0011 0.0011
14.983 103.060 0.056 0.0014 0.012 0.053 0.011 0.0055 0.0033 0.0032 0.0011 0.0010
15.422 103.059 0.054 0.0014 0.012 0.051 0.010 0.0048 0.0030 0.0030 9.8E-4 9.1E-4
15.874 103.057 0.052 0.0014 0.012 0.050 0.0091 0.0042 0.0028 0.0027 8.7E-4 8.3E-4
16.339 103.054 0.051 9.7E-4 0.012 0.048 0.0081 0.0036 0.0026 0.0025 7.3E-4 7.8E-4
16.818 103.052 0.049 9.7E-4 0.012 0.046 0.0072 0.0031 0.0025 0.0021 5.6E-4 7.3E-4
17.311 103.050 0.047 9.7E-4 0.012 0.045 0.0064 0.0027 0.0024 0.0017 4.1E-4 6.7E-4
17.818 103.047 0.045 9.7E-4 0.012 0.043 0.0057 0.0024 0.0023 0.0014 2.8E-4 6.1E-4
18.340 103.045 0.043 9.7E-4 0.012 0.041 0.0051 0.0022 0.0021 0.0011 1.6E-4 5.4E-4
18.877 103.043 0.041 9.7E-4 0.012 0.039 0.0045 0.0021 0.0020 8.8E-4 1.1E-4 4.5E-4
19.431 103.040 0.039 0.0015 0.012 0.037 0.0040 0.0020 0.0018 7.1E-4 1.1E-4 3.7E-4
20.000 103.038 0.038 0.0015 0.013 0.035 0.0035 0.0020 0.0015 5.6E-4 1.6E-4 3.1E-4
20.586 103.036 0.036 0.0015 0.013 0.034 0.0030 0.0021 0.0013 4.2E-4 2.2E-4 2.7E-4
21.189 103.033 0.035 0.0015 0.013 0.032 0.0027 0.0023 0.0011 3.0E-4 2.7E-4 2.5E-4
21.810 103.031 0.033 0.0015 0.013 0.031 0.0024 0.0025 9.4E-4 2.2E-4 3.2E-4 2.6E-4
22.449 103.029 0.032 0.0015 0.012 0.029 0.0020 0.0026 8.8E-4 1.7E-4 3.6E-4 2.5E-4
23.107 103.027 0.031 0.0015 0.012 0.028 0.0017 0.0025 8.3E-4 1.4E-4 3.9E-4 2.2E-4
23.784 103.026 0.029 0.0015 0.012 0.027 0.0014 0.0022 7.5E-4 1.4E-4 4.0E-4 2.4E-4
24.481 103.024 0.028 0.0015 0.012 0.025 0.0010 0.0019 6.6E-4 1.6E-4 4.0E-4 3.0E-4
25.198 103.022 0.027 0.0014 0.011 0.024 7.4E-4 0.0016 5.7E-4 2.1E-4 3.8E-4 4.0E-4
25.937 103.021 0.025 0.0014 0.0098 0.023 5.3E-4 0.0015 4.6E-4 2.8E-4 3.5E-4 5.2E-4
26.697 103.019 0.023 0.0014 0.0091 0.021 5.0E-4 0.0015 3.5E-4 3.7E-4 3.1E-4 5.8E-4
27.479 103.018 0.022 0.0014 0.0088 0.020 6.6E-4 0.0016 3.0E-4 4.7E-4 2.7E-4 5.6E-4
28.284 103.017 0.021 9.6E-4 0.0085 0.019 6.9E-4 0.0017 3.0E-4 5.4E-4 2.6E-4 4.3E-4
29.113 103.015 0.019 9.6E-4 0.0081 0.017 5.8E-4 0.0017 3.2E-4 5.4E-4 2.9E-4 2.8E-4
29.966 103.014 0.018 9.6E-4 0.0077 0.016 4.4E-4 0.0015 3.0E-4 4.8E-4 3.6E-4 1.8E-4
30.844 103.013 0.017 0.0015 0.0073 0.015 3.4E-4 0.0013 2.6E-4 4.0E-4 4.5E-4 2.2E-4
31.748 103.012 0.016 0.0015 0.0070 0.015 3.2E-4 0.0011 2.4E-4 3.4E-4 4.7E-4 2.7E-4
32.678 103.011 0.016 0.0015 0.0066 0.014 3.7E-4 9.7E-4 2.5E-4 3.8E-4 4.4E-4 3.0E-4
33.636 103.010 0.015 0.0015 0.0061 0.014 4.9E-4 9.3E-4 2.6E-4 4.7E-4 3.9E-4 3.4E-4
34.621 103.010 0.015 9.9E-4 0.0056 0.014 6.5E-4 8.9E-4 2.8E-4 5.8E-4 3.9E-4 3.6E-4
35.636 103.009 0.014 9.9E-4 0.0053 0.013 7.8E-4 8.5E-4 2.7E-4 5.9E-4 3.5E-4 3.7E-4
36.680 103.008 0.013 7.7E-4 0.0050 0.012 8.0E-4 8.1E-4 2.2E-4 4.8E-4 2.6E-4 3.8E-4
37.755 103.008 0.012 7.7E-4 0.0045 0.011 6.8E-4 7.4E-4 2.3E-4 3.3E-4 1.4E-4 4.1E-4
38.861 103.007 0.011 7.7E-4 0.0042 0.0099 5.3E-4 6.8E-4 2.9E-4 2.7E-4 5.6E-5 4.4E-4
40.000 103.007 0.010 9.4E-4 0.0039 0.0092 4.0E-4 7.0E-4 4.0E-4 3.2E-4 3.8E-5 4.1E-4
41.172 103.006 0.0095 9.4E-4 0.0038 0.0086 2.9E-4 6.6E-4 5.5E-4 2.9E-4 6.4E-5 3.0E-4
42.379 103.006 0.0089 9.4E-4 0.0039 0.0080 2.1E-4 4.9E-4 6.9E-4 2.8E-4 1.0E-4 2.2E-4
43.620 103.005 0.0082 9.3E-4 0.0037 0.0073 1.8E-4 3.1E-4 6.9E-4 3.4E-4 1.2E-4 2.7E-4
44.898 103.005 0.0075 9.3E-4 0.0033 0.0067 2.6E-4 2.3E-4 5.5E-4 4.1E-4 1.5E-4 4.0E-4
46.214 103.005 0.0069 0.0012 0.0028 0.0062 3.7E-4 2.6E-4 3.5E-4 5.4E-4 2.2E-4 4.1E-4
47.568 103.005 0.0064 0.0012 0.0025 0.0059 4.5E-4 4.2E-4 3.0E-4 6.9E-4 3.2E-4 3.3E-4
48.962 103.004 0.0061 0.0027 0.0022 0.0055 4.9E-4 7.8E-4 3.3E-4 7.9E-4 4.4E-4 3.5E-4
50.397 103.004 0.0057 0.0027 0.0016 0.0053 4.3E-4 9.8E-4 3.5E-4 7.7E-4 5.6E-4 4.3E-4
51.874 103.004 0.0052 0.0023 0.0014 0.0048 2.9E-4 7.4E-4 2.5E-4 6.1E-4 5.8E-4 3.7E-4
53.394 103.004 0.0050 0.0023 0.0023 0.0044 2.3E-4 5.6E-4 2.3E-4 4.1E-4 4.4E-4 2.6E-4
54.958 103.004 0.0051 0.0019 0.0030 0.0040 3.1E-4 5.7E-4 3.4E-4 2.2E-4 2.3E-4 3.7E-4
56.569 103.004 0.0044 0.0019 0.0020 0.0038 4.4E-4 4.6E-4 4.6E-4 2.7E-4 1.9E-4 4.0E-4
58.226 103.004 0.0037 5.7E-4 0.0010 0.0034 5.3E-4 2.9E-4 6.2E-4 3.5E-4 2.1E-4 3.2E-4
59.932 103.004 0.0034 5.7E-4 5.7E-4 0.0032 6.7E-4 3.0E-4 6.0E-4 3.1E-4 1.9E-4 5.3E-4
61.688 103.004 0.0035 6.6E-4 3.6E-4 0.0032 9.6E-4 4.7E-4 5.4E-4 2.8E-4 2.1E-4 9.1E-4
63.496 103.004 0.0036 9.6E-4 5.0E-4 0.0031 0.0011 4.9E-4 4.4E-4 4.1E-4 3.3E-4 9.2E-4
65.357 103.004 0.0034 9.6E-4 8.2E-4 0.0030 7.8E-4 4.0E-4 3.6E-4 4.5E-4 4.8E-4 7.4E-4
67.272 103.004 0.0031 0.0015 9.6E-4 0.0027 5.1E-4 3.1E-4 2.8E-4 5.5E-4 6.4E-4 5.6E-4
69.243 103.004 0.0029 0.0010 9.1E-4 0.0024 5.0E-4 4.0E-4 2.3E-4 7.8E-4 6.0E-4 3.8E-4
71.272 103.004 0.0028 0.0010 9.8E-4 0.0022 5.6E-4 2.8E-4 2.8E-4 8.7E-4 5.1E-4 4.4E-4
73.360 103.004 0.0027 8.0E-4 0.0012 0.0021 4.4E-4 2.0E-4 3.8E-4 7.9E-4 4.4E-4 5.7E-4
75.510 103.005 0.0026 8.9E-4 0.0011 0.0020 3.3E-4 2.4E-4 5.1E-4 6.7E-4 4.2E-4 6.4E-4
77.723 103.005 0.0022 8.6E-4 6.6E-4 0.0016 4.8E-4 3.4E-4 6.5E-4 4.6E-4 7.3E-4 5.0E-4
80.000 103.005 0.0019 8.6E-4 5.7E-4 0.0012 7.3E-4 1.8E-4 6.8E-4 4.2E-4 7.5E-4 3.6E-4
82.344 103.005 0.0020 7.3E-4 8.4E-4 9.9E-4 9.7E-4 1.3E-4 5.6E-4 3.1E-4 6.6E-4 6.6E-4
84.757 103.005 0.0026 0.0014 0.0010 0.0018 1.0E-3 1.5E-4 5.1E-4 3.2E-4 4.6E-4 8.8E-4
87.241 103.006 0.0027 0.0017 0.0010 0.0019 0.0010 2.7E-4 7.2E-4 5.7E-4 2.6E-4 7.5E-4
89.797 103.006 0.0023 0.0016 7.4E-4 0.0017 6.4E-4 4.4E-4 7.7E-4 6.8E-4 3.0E-4 6.7E-4
92.428 103.006 0.0020 0.0011 4.0E-4 0.0013 6.8E-4 4.4E-4 5.9E-4 7.4E-4 5.0E-4 6.4E-4
95.137 103.006 0.0017 0.0011 3.6E-4 0.0011 5.6E-4 5.1E-4 2.7E-4 7.1E-4 7.3E-4 3.4E-4
97.924 103.007 0.0015 0.0014 4.1E-4 9.2E-4 3.6E-4 4.7E-4 4.4E-4 4.7E-4 6.8E-4 3.3E-4
100.794 103.007 0.0015 0.0020 4.6E-4 8.2E-4 4.0E-4 4.5E-4 5.9E-4 4.7E-4 5.6E-4 4.1E-4
103.747 103.007 0.0016 0.0011 5.1E-4 5.9E-4 4.6E-4 5.8E-4 5.9E-4 3.9E-4 8.2E-4 5.2E-4
106.787 103.007 0.0019 0.0035 8.4E-4 4.3E-4 7.2E-4 7.6E-4 7.8E-4 3.1E-4 6.8E-4 8.1E-4
109.916 103.007 0.0020 0.0045 8.7E-4 3.3E-4 0.0010 8.7E-4 6.3E-4 4.3E-4 3.2E-4 7.4E-4
113.137 103.008 0.0017 0.0012 6.6E-4 4.1E-4 8.1E-4 5.8E-4 4.6E-4 5.3E-4 3.2E-4 8.8E-4
116.452 103.008 0.0017 0.0012 7.2E-4 6.9E-4 4.4E-4 5.4E-4 4.4E-4 5.9E-4 3.3E-4 7.7E-4
119.865 103.008 0.0019 8.6E-4 8.7E-4 6.0E-4 7.8E-4 5.9E-4 3.2E-4 7.1E-4 6.8E-4 7.5E-4
123.377 103.009 0.0028 7.3E-4 0.0021 7.3E-4 6.9E-4 5.6E-4 3.8E-4 5.2E-4 8.5E-4 0.0010
126.992 103.009 0.0027 0.0011 0.0020 8.0E-4 6.2E-4 6.8E-4 3.8E-4 5.0E-4 8.5E-4 8.0E-4
130.713 103.009 0.0020 5.6E-4 1.0E-3 0.0011 4.4E-4 7.9E-4 5.2E-4 4.6E-4 5.3E-4 5.3E-4
134.543 103.010 0.0017 8.5E-4 6.1E-4 8.4E-4 3.4E-4 9.4E-4 6.5E-4 3.4E-4 3.2E-4 5.7E-4
138.486 103.010 0.0017 0.0014 4.0E-4 6.4E-4 2.6E-4 0.0012 5.8E-4 4.3E-4 4.0E-4 5.8E-4
142.544 103.010 0.0017 0.0016 3.9E-4 6.2E-4 2.9E-4 0.0011 4.0E-4 6.1E-4 5.3E-4 4.6E-4
146.721 103.011 0.0018 0.0015 4.5E-4 6.4E-4 3.3E-4 9.8E-4 6.5E-4 6.8E-4 6.6E-4 5.7E-4
151.020 103.011 0.0018 0.0020 8.2E-4 6.9E-4 2.8E-4 4.5E-4 6.8E-4 7.8E-4 5.1E-4 5.6E-4
155.445 103.011 0.0017 8.9E-4 6.4E-4 6.2E-4 4.8E-4 4.3E-4 6.6E-4 8.1E-4 3.9E-4 6.3E-4
160.000 103.011 0.0018 8.7E-4 4.8E-4 7.3E-4 9.3E-4 5.0E-4 6.2E-4 5.4E-4 4.6E-4 7.3E-4
164.688 103.012 0.0017 6.7E-4 6.5E-4 6.5E-4 6.7E-4 3.4E-4 5.4E-4 3.7E-4 7.0E-4 7.4E-4
169.514 103.012 0.0020 6.1E-4 8.8E-4 8.3E-4 5.5E-4 3.8E-4 6.1E-4 8.0E-4 8.2E-4 5.8E-4
174.481 103.012 0.0022 0.0011 0.0014 8.3E-4 6.4E-4 6.3E-4 6.6E-4 7.7E-4 5.0E-4 4.2E-4
179.594 103.013 0.0020 0.0015 4.6E-4 7.7E-4 5.6E-4 8.2E-4 9.7E-4 8.1E-4 3.9E-4 6.0E-4
184.856 103.013 0.0022 0.0019 7.2E-4 9.0E-4 7.6E-4 7.1E-4 0.0011 7.2E-4 6.1E-4 6.8E-4
190.273 103.013 0.0020 0.0015 5.4E-4 7.3E-4 9.7E-4 8.9E-4 6.7E-4 5.3E-4 5.3E-4 7.4E-4
195.849 103.014 0.0020 9.4E-4 6.2E-4 6.9E-4 7.8E-4 0.0010 3.5E-4 5.5E-4 4.4E-4 9.1E-4
201.587 103.014 0.0019 0.0015 6.9E-4 6.4E-4 8.1E-4 8.9E-4 5.5E-4 6.8E-4 3.1E-4 7.1E-4
207.494 103.014 0.0022 0.0011 6.4E-4 8.7E-4 8.2E-4 0.0011 9.2E-4 5.6E-4 6.1E-4 5.1E-4
213.574 103.015 0.0022 0.0021 8.4E-4 0.0010 8.0E-4 9.2E-4 8.3E-4 5.1E-4 4.9E-4 6.3E-4
219.833 103.015 0.0021 9.8E-4 7.3E-4 9.1E-4 4.5E-4 0.0011 6.4E-4 8.3E-4 3.8E-4 7.0E-4
226.274 103.015 0.0021 0.0011 7.6E-4 7.4E-4 5.0E-4 7.7E-4 6.0E-4 8.3E-4 3.3E-4 0.0011
232.905 103.016 0.0022 0.0012 9.3E-4 9.1E-4 7.5E-4 8.2E-4 7.6E-4 7.8E-4 7.1E-4 6.5E-4
239.729 103.016 0.0021 0.0010 9.2E-4 8.8E-4 7.2E-4 6.0E-4 4.8E-4 4.1E-4 8.8E-4 7.8E-4
246.754 103.016 0.0025 0.0027 9.9E-4 0.0012 0.0013 4.7E-4 5.3E-4 6.7E-4 6.7E-4 9.0E-4
253.984 103.017 0.0026 0.0022 9.9E-4 0.0014 0.0012 6.1E-4 6.5E-4 6.4E-4 5.6E-4 9.5E-4
261.426 103.017 0.0022 0.0011 9.1E-4 0.0011 7.8E-4 9.4E-4 5.1E-4 8.1E-4 4.0E-4 6.3E-4
269.087 103.017 0.0022 0.0015 8.5E-4 9.5E-4 5.8E-4 0.0011 5.3E-4 5.4E-4 4.4E-4 8.3E-4
276.972 103.018 0.0022 0.0011 6.9E-4 9.6E-4 7.3E-4 9.1E-4 0.0010 5.9E-4 4.1E-4 8.2E-4
285.088 103.018 0.0023 0.0016 5.3E-4 0.0011 8.7E-4 9.0E-4 8.1E-4 7.3E-4 5.3E-4 8.7E-4
293.441 103.018 0.0023 0.0020 0.0013 7.2E-4 6.5E-4 6.8E-4 7.9E-4 7.1E-4 6.2E-4 8.6E-4
302.040 103.019 0.0023 0.0016 8.7E-4 4.6E-4 0.0012 0.0010 9.1E-4 6.4E-4 5.3E-4 5.2E-4
310.890 103.019 0.0024 0.0024 8.3E-4 7.5E-4 0.0015 8.4E-4 8.0E-4 7.0E-4 3.9E-4 6.8E-4
320.000 103.019 0.0023 0.0013 7.8E-4 7.6E-4 0.0012 8.2E-4 6.3E-4 7.4E-4 8.0E-4 5.6E-4
329.377 103.020 0.0022 0.0018 6.5E-4 4.5E-4 9.8E-4 8.1E-4 8.2E-4 8.4E-4 9.1E-4 6.9E-4
339.028 103.020 0.0022 0.0011 9.1E-4 7.0E-4 8.0E-4 8.8E-4 6.3E-4 9.5E-4 7.9E-4 6.2E-4
348.962 103.020 0.0023 0.0029 8.2E-4 9.9E-4 7.1E-4 0.0010 8.2E-4 6.4E-4 6.9E-4 6.1E-4
359.188 103.021 0.0022 0.0019 0.0010 6.8E-4 6.1E-4 0.0011 6.4E-4 6.6E-4 6.6E-4 6.0E-4
369.713 103.021 0.0022 0.0016 9.8E-4 6.1E-4 6.7E-4 0.0011 5.8E-4 7.6E-4 8.3E-4 7.3E-4
380.546 103.021 0.0024 0.0014 0.0013 6.6E-4 6.9E-4 0.0010 7.1E-4 8.4E-4 7.8E-4 7.6E-4
391.697 103.022 0.0023 0.0016 9.2E-4 9.4E-4 8.2E-4 8.5E-4 9.2E-4 8.0E-4 7.1E-4 6.3E-4
403.175 103.022 0.0026 0.0018 9.4E-4 0.0011 1.0E-3 9.8E-4 0.0010 9.8E-4 5.0E-4 7.3E-4
414.989 103.022 0.0029 0.0021 0.0011 7.9E-4 0.0012 0.0013 0.0010 0.0010 6.6E-4 6.9E-4
427.149 103.023 0.0030 0.0017 0.0013 0.0011 0.0011 0.0013 9.8E-4 0.0010 7.2E-4 7.5E-4
439.665 103.023 0.0028 0.0023 0.0012 0.0011 0.0011 0.0013 5.0E-4 8.9E-4 7.9E-4 8.0E-4
452.548 103.023 0.0029 0.0027 0.0011 0.0014 0.0013 8.2E-4 4.4E-4 0.0011 7.9E-4 0.0011
465.809 103.024 0.0032 0.0025 0.0014 0.0013 0.0014 8.0E-4 8.2E-4 0.0014 6.0E-4 0.0011
479.458 103.024 0.0029 0.0024 0.0011 0.0013 5.8E-4 0.0010 0.0011 0.0012 6.5E-4 0.0011
493.507 103.024 0.0029 0.0017 0.0011 0.0013 7.9E-4 8.6E-4 7.9E-4 0.0011 0.0011 0.0012
507.968 103.024 0.0029 0.0015 9.7E-4 0.0012 9.1E-4 0.0012 7.1E-4 7.2E-4 0.0011 0.0013
522.853 103.025 0.0031 0.0020 0.0011 0.0012 0.0011 0.0012 9.5E-4 8.3E-4 0.0013 9.4E-4
538.174 103.025 0.0029 0.0023 0.0011 0.0012 9.5E-4 0.0012 6.4E-4 6.7E-4 0.0010 0.0012
553.943 103.025 0.0029 0.0044 0.0011 8.4E-4 0.0011 0.0010 9.3E-4 0.0011 0.0011 0.0011
570.175 103.025 0.0033 0.0018 0.0013 0.0010 0.0011 0.0010 0.0014 0.0012 0.0013 9.9E-4
586.883 103.026 0.0032 0.0025 0.0013 0.0012 9.9E-4 9.8E-4 0.0014 0.0012 0.0011 1.0E-3
604.080 103.026 0.0031 0.0020 0.0011 0.0013 0.0010 0.0011 7.2E-4 9.0E-4 0.0012 0.0012
621.780 103.026 0.0033 0.0016 0.0012 0.0010 0.0016 0.0011 0.0012 8.2E-4 0.0011 0.0012
640.000 103.026 0.0033 0.0017 9.0E-4 0.0011 0.0015 0.0013 8.8E-4 0.0010 0.0013 0.0011
658.753 103.027 0.0032 0.0030 0.0011 0.0012 0.0015 9.5E-4 7.6E-4 0.0012 0.0012 9.4E-4
678.056 103.027 0.0035 0.0031 0.0015 0.0014 0.0012 0.0012 9.8E-4 0.0013 0.0010 0.0011
697.925 103.027 0.0033 0.0024 0.0013 0.0011 0.0012 0.0012 0.0012 0.0011 9.2E-4 0.0013
718.376 103.027 0.0033 0.0025 0.0014 8.9E-4 0.0010 0.0013 0.0013 0.0012 0.0011 0.0012
739.426 103.027 0.0033 0.0019 0.0014 8.7E-4 9.4E-4 0.0011 0.0014 0.0013 0.0011 0.0011
761.093 103.027 0.0035 0.0022 0.0012 0.0012 0.0012 0.0015 0.0013 0.0012 0.0010 0.0013
783.394 103.028 0.0038 0.0025 0.0016 0.0013 0.0015 0.0017 8.9E-4 0.0012 0.0011 0.0013
806.349 103.028 0.0038 0.0029 0.0015 0.0012 0.0016 0.0016 0.0013 0.0012 0.0014 8.2E-4
829.977 103.028 0.0038 0.0024 0.0017 0.0012 0.0012 0.0012 0.0016 0.0014 0.0012 0.0011
854.297 103.028 0.0035 0.0029 0.0016 0.0012 0.0011 0.0013 0.0013 0.0014 1.0E-3 0.0011
879.330 103.028 0.0039 0.0026 0.0014 0.0015 0.0016 0.0013 0.0015 0.0013 9.9E-4 0.0014
905.097 103.028 0.0040 0.0023 0.0014 0.0015 0.0016 0.0014 0.0014 0.0012 0.0016 0.0013
931.618 103.028 0.0038 0.0026 0.0012 0.0012 0.0014 0.0014 0.0013 0.0012 0.0014 0.0014
958.917 103.028 0.0041 0.0022 0.0013 0.0014 0.0015 0.0018 0.0013 0.0011 0.0018 0.0013
987.015 103.028 0.0044 0.0030 0.0011 0.0019 0.0019 0.0016 0.0011 0.0013 0.0016 0.0017
1015.937 103.028 0.0043 0.0029 0.0018 0.0017 0.0015 0.0016 0.0014 0.0014 0.0012 0.0014
1045.706 103.028 0.0044 0.0046 0.0013 0.0020 0.0013 0.0014 0.0016 0.0015 0.0011 0.0019
1076.347 103.028 0.0044 0.0026 0.0013 0.0020 0.0016 0.0013 0.0014 0.0019 0.0012 0.0016
1107.887 103.028 0.0042 0.0022 0.0015 0.0017 0.0018 0.0014 0.0011 0.0016 0.0013 0.0013
1140.350 103.028 0.0044 0.0026 0.0019 0.0019 0.0015 0.0015 0.0014 0.0018 0.0013 0.0011
1173.765 103.027 0.0047 0.0036 0.0017 0.0019 0.0016 0.0016 0.0016 0.0018 0.0017 0.0014
1208.159 103.027 0.0046 0.0021 0.0017 0.0018 0.0014 0.0016 0.0012 0.0018 0.0017 0.0018
1243.561 103.027 0.0046 0.0032 0.0015 0.0017 0.0015 0.0018 0.0014 0.0017 0.0016 0.0017
1280.000 103.027 0.0045 0.0030 0.0017 0.0014 0.0012 0.0018 0.0015 0.0015 0.0018 0.0018
1317.507 103.027 0.0047 0.0038 0.0020 0.0013 0.0012 0.0021 0.0016 0.0013 0.0018 0.0017
1356.113 103.026 0.0048 0.0028 0.0020 0.0016 0.0015 0.0017 0.0019 0.0011 0.0017 0.0018
1395.850 103.026 0.0049 0.0028 0.0015 0.0017 0.0019 0.0017 0.0021 0.0013 0.0018 0.0017
1436.751 103.026 0.0050 0.0032 0.0017 0.0016 0.0019 0.0018 0.0017 0.0016 0.0020 0.0018
1478.851 103.025 0.0049 0.0039 0.0017 0.0016 0.0017 0.0017 0.0019 0.0014 0.0022 0.0014
1522.185 103.025 0.0048 0.0039 0.0016 0.0018 0.0014 0.0018 0.0018 0.0017 0.0018 0.0015
1566.789 103.024 0.0048 0.0029 0.0018 0.0019 0.0012 0.0016 0.0018 0.0016 0.0016 0.0019
1612.699 103.024 0.0049 0.0034 0.0019 0.0019 0.0017 0.0013 0.0016 0.0019 0.0015 0.0020
1659.955 103.023 0.0054 0.0030 0.0020 0.0022 0.0016 0.0018 0.0015 0.0020 0.0018 0.0022
1708.595 103.022 0.0054 0.0031 0.0017 0.0019 0.0020 0.0016 0.0019 0.0019 0.0018 0.0021
1758.661 103.022 0.0051 0.0040 0.0015 0.0019 0.0018 0.0017 0.0020 0.0020 0.0017 0.0018
1810.193 103.021 0.0051 0.0037 0.0021 0.0019 0.0018 0.0017 0.0019 0.0019 0.0017 0.0015
1863.236 103.020 0.0056 0.0036 0.0023 0.0018 0.0019 0.0022 0.0019 0.0021 0.0019 0.0015
1917.833 103.019 0.0058 0.0049 0.0024 0.0020 0.0021 0.0021 0.0020 0.0018 0.0020 0.0018
1974.030 103.018 0.0058 0.0045 0.0023 0.0021 0.0021 0.0023 0.0020 0.0018 0.0017 0.0020
2031.873 103.018 0.0058 0.0043 0.0021 0.0021 0.0024 0.0019 0.0022 0.0019 0.0020 0.0017
2091.412 103.016 0.0055 0.0036 0.0020 0.0018 0.0028 0.0020 0.0017 0.0018 0.0017 0.0013
2152.695 103.015 0.0054 0.0040 0.0021 0.0017 0.0024 0.0019 0.0022 0.0018 0.0017 0.0013
2215.774 103.014 0.0055 0.0051 0.0023 0.0019 0.0019 0.0022 0.0021 0.0017 0.0017 0.0018
2280.701 103.013 0.0056 0.0044 0.0024 0.0021 0.0019 0.0024 0.0022 0.0017 0.0017 0.0014
2347.530 103.012 0.0055 0.0050 0.0023 0.0020 0.0020 0.0019 0.0020 0.0017 0.0021 0.0011
2416.318 103.010 0.0054 0.0034 0.0022 0.0022 0.0020 0.0021 0.0019 0.0019 0.0017 0.0011
