* Distortion data saved by REW V5.20.13
* Dated: Sep 10, 2023 9:50:26 PM
* Source: ASIO ASIO Lynx, Aurora(n) Record 26
* Format: 256k Log Swept Sine, 1 sweep at -14.0 dBFS with no timing reference
* Measurement: VSP-2+30DB 九月 11
* Frequency Step: 24 ppo
* Freq (Hz) Fundamental (dB) THD (%) Noise (%) H2 (%) H3 (%) H4 (%) H5 (%) H6 (%) H7 (%) H8 (%) H9 (%)
10.000 102.958 0.091 0.0011 0.042 0.076 0.020 0.017 0.0065 0.0059 0.0016 0.0015
10.293 102.983 0.087 0.0010 0.037 0.074 0.019 0.016 0.0065 0.0058 0.0017 0.0016
10.595 102.998 0.083 1.0E-3 0.032 0.072 0.019 0.015 0.0064 0.0056 0.0018 0.0016
10.905 103.010 0.080 1.0E-3 0.028 0.071 0.018 0.015 0.0063 0.0054 0.0018 0.0016
11.225 103.020 0.077 1.0E-3 0.024 0.069 0.018 0.014 0.0062 0.0052 0.0019 0.0016
11.554 103.027 0.074 1.0E-3 0.021 0.067 0.017 0.013 0.0060 0.0050 0.0020 0.0016
11.892 103.034 0.072 9.9E-4 0.019 0.065 0.017 0.012 0.0058 0.0048 0.0020 0.0016
12.241 103.039 0.069 9.9E-4 0.017 0.064 0.016 0.011 0.0056 0.0045 0.0021 0.0015
12.599 103.042 0.067 9.9E-4 0.016 0.062 0.015 0.0099 0.0053 0.0043 0.0021 0.0015
12.968 103.044 0.065 9.9E-4 0.015 0.061 0.014 0.0090 0.0050 0.0040 0.0021 0.0014
13.348 103.046 0.063 0.0010 0.014 0.059 0.014 0.0082 0.0048 0.0038 0.0021 0.0013
13.740 103.047 0.061 0.0010 0.013 0.058 0.013 0.0073 0.0045 0.0036 0.0021 0.0012
14.142 103.047 0.059 0.0010 0.013 0.056 0.012 0.0066 0.0042 0.0034 0.0020 0.0011
14.557 103.046 0.058 0.0010 0.012 0.054 0.011 0.0059 0.0038 0.0032 0.0019 0.0010
14.983 103.046 0.056 0.0010 0.012 0.053 0.011 0.0052 0.0035 0.0030 0.0017 9.1E-4
15.422 103.044 0.054 0.0010 0.012 0.051 0.0097 0.0047 0.0033 0.0027 0.0015 8.2E-4
15.874 103.043 0.052 0.0010 0.012 0.049 0.0089 0.0041 0.0031 0.0023 0.0013 7.5E-4
16.339 103.042 0.050 6.0E-4 0.012 0.048 0.0081 0.0037 0.0030 0.0020 0.0010 6.9E-4
16.818 103.040 0.048 6.0E-4 0.012 0.046 0.0073 0.0033 0.0029 0.0017 7.6E-4 6.4E-4
17.311 103.038 0.046 6.0E-4 0.012 0.044 0.0065 0.0030 0.0028 0.0015 5.7E-4 5.8E-4
17.818 103.036 0.045 6.0E-4 0.012 0.042 0.0058 0.0029 0.0026 0.0012 4.4E-4 5.3E-4
18.340 103.034 0.043 6.0E-4 0.012 0.041 0.0052 0.0027 0.0025 0.0011 3.4E-4 4.7E-4
18.877 103.033 0.041 6.0E-4 0.012 0.039 0.0046 0.0027 0.0023 9.8E-4 2.8E-4 3.9E-4
19.431 103.031 0.040 0.0010 0.012 0.037 0.0040 0.0028 0.0021 9.7E-4 2.6E-4 3.3E-4
20.000 103.029 0.038 0.0010 0.013 0.036 0.0034 0.0030 0.0018 9.4E-4 2.8E-4 3.0E-4
20.586 103.027 0.036 0.0010 0.013 0.034 0.0030 0.0033 0.0015 8.8E-4 2.8E-4 2.8E-4
21.189 103.025 0.035 0.0010 0.013 0.032 0.0026 0.0035 0.0012 7.9E-4 2.6E-4 2.8E-4
21.810 103.023 0.034 0.0010 0.013 0.031 0.0023 0.0036 0.0011 7.1E-4 2.2E-4 2.8E-4
22.449 103.022 0.032 0.0011 0.013 0.029 0.0021 0.0035 9.6E-4 6.2E-4 1.7E-4 2.7E-4
23.107 103.020 0.031 0.0011 0.013 0.028 0.0020 0.0032 8.8E-4 5.3E-4 1.3E-4 2.5E-4
23.784 103.019 0.029 0.0011 0.012 0.026 0.0019 0.0029 8.2E-4 4.5E-4 1.2E-4 2.6E-4
24.481 103.017 0.028 0.0011 0.012 0.025 0.0018 0.0025 7.8E-4 3.7E-4 1.3E-4 2.9E-4
25.198 103.016 0.027 7.8E-4 0.011 0.024 0.0019 0.0023 7.3E-4 3.4E-4 1.5E-4 3.5E-4
25.937 103.015 0.025 7.8E-4 0.011 0.023 0.0023 0.0021 6.9E-4 3.6E-4 2.0E-4 4.5E-4
26.697 103.014 0.024 7.8E-4 0.0100 0.021 0.0027 0.0019 6.4E-4 4.1E-4 2.3E-4 5.4E-4
27.479 103.012 0.022 7.8E-4 0.0091 0.020 0.0028 0.0018 5.4E-4 4.5E-4 2.2E-4 6.0E-4
28.284 103.011 0.021 5.1E-4 0.0085 0.019 0.0026 0.0017 4.0E-4 4.7E-4 2.5E-4 5.9E-4
29.113 103.010 0.020 5.1E-4 0.0081 0.018 0.0021 0.0016 2.7E-4 4.5E-4 3.5E-4 5.1E-4
29.966 103.010 0.019 5.1E-4 0.0077 0.017 0.0016 0.0015 1.7E-4 4.3E-4 4.9E-4 3.8E-4
30.844 103.009 0.018 5.5E-4 0.0073 0.016 0.0012 0.0015 1.1E-4 4.1E-4 6.6E-4 2.5E-4
31.748 103.008 0.017 5.5E-4 0.0069 0.015 9.6E-4 0.0014 1.1E-4 4.0E-4 7.0E-4 2.2E-4
32.678 103.007 0.016 5.5E-4 0.0066 0.014 8.9E-4 0.0012 1.8E-4 4.3E-4 6.3E-4 2.4E-4
33.636 103.006 0.015 5.5E-4 0.0064 0.014 9.2E-4 9.5E-4 2.6E-4 5.0E-4 4.9E-4 2.7E-4
34.621 103.006 0.014 5.9E-4 0.0060 0.013 9.7E-4 6.6E-4 3.2E-4 6.9E-4 4.0E-4 2.5E-4
35.636 103.005 0.013 5.9E-4 0.0055 0.012 9.6E-4 4.3E-4 3.7E-4 8.0E-4 3.5E-4 1.9E-4
36.680 103.005 0.011 4.3E-4 0.0050 0.010 8.5E-4 2.9E-4 3.9E-4 7.3E-4 3.4E-4 1.4E-4
37.755 103.004 0.010 4.3E-4 0.0046 0.0093 6.4E-4 2.1E-4 4.3E-4 5.4E-4 3.4E-4 1.7E-4
38.861 103.004 0.0099 4.3E-4 0.0041 0.0090 5.6E-4 1.1E-4 5.1E-4 3.6E-4 3.3E-4 2.2E-4
40.000 103.004 0.0094 8.6E-4 0.0036 0.0086 5.4E-4 5.0E-5 7.4E-4 2.4E-4 3.3E-4 2.2E-4
41.172 103.003 0.0090 8.6E-4 0.0033 0.0083 5.2E-4 9.7E-5 9.8E-4 1.6E-4 3.3E-4 1.8E-4
42.379 103.003 0.0086 8.6E-4 0.0031 0.0079 3.7E-4 1.4E-4 8.3E-4 1.3E-4 3.8E-4 2.0E-4
43.620 103.003 0.0082 9.9E-4 0.0029 0.0076 2.3E-4 1.6E-4 5.3E-4 1.4E-4 4.3E-4 2.8E-4
44.898 103.003 0.0076 9.9E-4 0.0027 0.0071 2.6E-4 1.8E-4 3.0E-4 1.8E-4 4.8E-4 3.3E-4
46.214 103.002 0.0069 0.0011 0.0023 0.0064 3.3E-4 3.3E-4 3.0E-4 2.6E-4 5.0E-4 3.2E-4
47.568 103.002 0.0064 0.0011 0.0019 0.0060 4.7E-4 6.2E-4 2.9E-4 3.4E-4 4.1E-4 2.8E-4
48.962 103.002 0.0063 0.0015 0.0019 0.0058 6.5E-4 0.0011 2.5E-4 3.6E-4 3.1E-4 2.9E-4
50.397 103.002 0.0063 0.0015 0.0023 0.0056 7.0E-4 0.0013 2.5E-4 3.1E-4 3.2E-4 3.8E-4
51.874 103.002 0.0058 0.0021 0.0027 0.0050 6.3E-4 9.6E-4 2.8E-4 2.2E-4 3.6E-4 4.2E-4
53.394 103.002 0.0058 0.0021 0.0037 0.0043 5.7E-4 6.2E-4 3.4E-4 1.6E-4 3.5E-4 3.6E-4
54.958 103.002 0.0055 0.0020 0.0038 0.0039 6.3E-4 4.7E-4 4.1E-4 2.5E-4 3.8E-4 3.1E-4
56.569 103.002 0.0046 0.0020 0.0025 0.0036 7.1E-4 4.4E-4 4.7E-4 3.5E-4 4.4E-4 3.3E-4
58.226 103.002 0.0041 8.3E-4 0.0017 0.0035 8.5E-4 5.2E-4 3.6E-4 3.0E-4 4.7E-4 3.7E-4
59.932 103.002 0.0038 8.3E-4 0.0011 0.0033 0.0011 5.7E-4 3.6E-4 1.3E-4 4.2E-4 4.1E-4
61.688 103.002 0.0036 8.6E-4 5.1E-4 0.0030 0.0016 5.3E-4 3.7E-4 2.1E-4 3.5E-4 4.1E-4
63.496 103.003 0.0032 0.0014 3.1E-4 0.0027 0.0015 3.8E-4 2.7E-4 2.8E-4 4.0E-4 3.0E-4
65.357 103.003 0.0026 0.0014 3.1E-4 0.0024 6.5E-4 4.1E-4 1.7E-4 2.1E-4 3.7E-4 2.4E-4
67.272 103.003 0.0024 0.0013 2.2E-4 0.0022 4.3E-4 6.0E-4 1.4E-4 3.0E-4 3.4E-4 3.7E-4
69.243 103.003 0.0024 7.6E-4 4.3E-4 0.0022 3.6E-4 6.6E-4 1.3E-4 3.4E-4 4.2E-4 3.7E-4
71.272 103.003 0.0021 7.6E-4 4.4E-4 0.0019 3.6E-4 5.8E-4 1.7E-4 2.8E-4 3.6E-4 2.3E-4
73.360 103.003 0.0020 4.6E-4 6.1E-4 0.0017 4.1E-4 5.0E-4 3.0E-4 2.7E-4 2.8E-4 3.5E-4
75.510 103.004 0.0021 7.8E-4 6.1E-4 0.0018 3.2E-4 2.8E-4 4.4E-4 2.7E-4 3.9E-4 3.9E-4
77.723 103.004 0.0023 8.2E-4 6.5E-4 0.0020 3.3E-4 2.2E-4 4.1E-4 2.5E-4 4.8E-4 2.6E-4
80.000 103.004 0.0025 8.2E-4 7.9E-4 0.0022 4.6E-4 2.6E-4 3.7E-4 3.1E-4 4.3E-4 1.8E-4
82.344 103.004 0.0028 6.6E-4 6.7E-4 0.0027 3.4E-4 1.7E-4 3.2E-4 2.9E-4 3.3E-4 2.5E-4
84.757 103.004 0.0022 0.0013 4.1E-4 0.0021 2.4E-4 2.2E-4 3.5E-4 3.3E-4 3.3E-4 3.1E-4
87.241 103.005 0.0016 0.0018 5.0E-4 0.0013 2.7E-4 2.5E-4 3.4E-4 4.2E-4 3.4E-4 4.0E-4
89.797 103.005 0.0013 0.0010 5.1E-4 9.2E-4 2.0E-4 2.8E-4 2.9E-4 4.5E-4 2.5E-4 2.4E-4
92.428 103.005 0.0013 6.1E-4 3.8E-4 8.5E-4 2.1E-4 4.3E-4 3.6E-4 4.6E-4 3.2E-4 4.5E-4
95.137 103.006 0.0013 6.1E-4 3.3E-4 7.8E-4 3.2E-4 4.5E-4 3.9E-4 3.1E-4 3.1E-4 6.3E-4
97.924 103.006 0.0012 0.0020 3.9E-4 5.5E-4 2.4E-4 3.3E-4 3.6E-4 3.3E-4 1.6E-4 8.1E-4
100.794 103.006 0.0012 0.0023 3.3E-4 5.4E-4 3.3E-4 3.1E-4 2.7E-4 3.5E-4 1.4E-4 7.2E-4
103.747 103.006 0.0011 0.0011 5.1E-4 4.2E-4 2.5E-4 1.9E-4 1.4E-4 4.1E-4 1.9E-4 6.1E-4
106.787 103.007 0.0012 0.0048 4.7E-4 2.8E-4 1.2E-4 2.3E-4 2.1E-4 7.7E-4 2.9E-4 5.4E-4
109.916 103.007 0.0011 0.0054 4.5E-4 2.8E-4 1.4E-4 3.9E-4 2.1E-4 6.8E-4 2.7E-4 3.2E-4
113.137 103.007 0.0011 8.6E-4 4.8E-4 4.7E-4 2.9E-4 3.2E-4 3.2E-4 5.8E-4 2.3E-4 2.2E-4
116.452 103.008 0.0012 9.2E-4 6.5E-4 4.3E-4 3.2E-4 2.7E-4 5.0E-4 3.8E-4 3.2E-4 4.5E-4
119.865 103.008 0.0015 8.0E-4 9.8E-4 3.4E-4 4.2E-4 2.5E-4 3.3E-4 4.0E-4 6.6E-4 4.9E-4
123.377 103.008 0.0023 9.3E-4 0.0020 3.4E-4 4.0E-4 4.0E-4 3.4E-4 4.0E-4 5.3E-4 4.5E-4
126.992 103.008 0.0025 8.2E-4 0.0021 2.9E-4 3.0E-4 6.1E-4 4.7E-4 3.7E-4 4.5E-4 7.0E-4
130.713 103.009 0.0017 0.0011 8.4E-4 5.3E-4 3.6E-4 8.7E-4 4.7E-4 3.4E-4 3.3E-4 7.7E-4
134.543 103.009 0.0013 9.8E-4 5.1E-4 5.2E-4 5.0E-4 4.7E-4 3.7E-4 1.9E-4 3.1E-4 6.1E-4
138.486 103.009 0.0012 7.8E-4 4.9E-4 4.6E-4 3.5E-4 3.6E-4 4.1E-4 3.4E-4 4.2E-4 4.5E-4
142.544 103.010 0.0012 8.5E-4 3.1E-4 5.2E-4 1.6E-4 6.0E-4 4.9E-4 4.1E-4 4.3E-4 1.5E-4
146.721 103.010 0.0013 9.6E-4 4.1E-4 4.9E-4 1.9E-4 7.6E-4 5.0E-4 4.0E-4 1.8E-4 4.0E-4
151.020 103.010 0.0017 0.0015 3.8E-4 6.1E-4 2.9E-4 0.0011 3.9E-4 5.1E-4 4.1E-4 5.9E-4
155.445 103.011 0.0015 8.8E-4 5.2E-4 5.9E-4 3.0E-4 8.0E-4 4.2E-4 4.4E-4 5.8E-4 4.7E-4
160.000 103.011 0.0013 8.9E-4 5.1E-4 3.9E-4 5.4E-4 6.3E-4 2.4E-4 2.7E-4 5.7E-4 4.2E-4
164.688 103.011 0.0014 9.5E-4 5.3E-4 4.0E-4 8.3E-4 4.4E-4 3.0E-4 4.4E-4 4.5E-4 5.3E-4
169.514 103.012 0.0015 9.2E-4 5.1E-4 7.2E-4 6.6E-4 5.8E-4 4.4E-4 3.4E-4 3.4E-4 4.6E-4
174.481 103.012 0.0013 0.0014 5.8E-4 8.2E-4 3.8E-4 5.2E-4 3.4E-4 4.0E-4 1.9E-4 2.6E-4
179.594 103.012 0.0013 9.6E-4 5.3E-4 5.6E-4 3.0E-4 3.5E-4 3.1E-4 6.7E-4 2.4E-4 5.1E-4
184.856 103.013 0.0015 6.0E-4 6.7E-4 7.1E-4 4.7E-4 4.0E-4 3.1E-4 4.8E-4 4.1E-4 5.9E-4
190.273 103.013 0.0015 0.0010 5.2E-4 5.8E-4 6.1E-4 5.5E-4 4.3E-4 7.2E-4 4.3E-4 4.0E-4
195.849 103.013 0.0014 0.0011 3.6E-4 4.8E-4 3.7E-4 5.9E-4 3.5E-4 8.1E-4 4.4E-4 4.0E-4
201.587 103.014 0.0015 0.0018 5.9E-4 4.3E-4 3.6E-4 6.9E-4 3.9E-4 5.8E-4 5.6E-4 5.1E-4
207.494 103.014 0.0014 9.0E-4 6.6E-4 4.4E-4 4.4E-4 6.4E-4 4.1E-4 5.1E-4 3.0E-4 5.3E-4
213.574 103.014 0.0019 0.0012 5.3E-4 4.8E-4 9.8E-4 9.9E-4 6.6E-4 5.3E-4 3.0E-4 5.6E-4
219.833 103.015 0.0018 0.0011 5.6E-4 5.5E-4 8.6E-4 9.8E-4 5.1E-4 4.3E-4 3.7E-4 6.0E-4
226.274 103.015 0.0015 8.5E-4 7.3E-4 4.7E-4 4.9E-4 7.4E-4 4.6E-4 4.5E-4 3.7E-4 4.3E-4
232.905 103.015 0.0017 8.4E-4 8.9E-4 6.1E-4 3.7E-4 8.0E-4 2.7E-4 4.6E-4 5.5E-4 4.5E-4
239.729 103.016 0.0019 0.0010 8.1E-4 7.8E-4 4.6E-4 9.3E-4 4.1E-4 6.2E-4 6.7E-4 4.7E-4
246.754 103.016 0.0019 0.0021 7.1E-4 8.2E-4 4.3E-4 8.1E-4 4.8E-4 7.0E-4 6.0E-4 7.1E-4
253.984 103.016 0.0015 0.0019 4.6E-4 5.8E-4 5.4E-4 4.7E-4 4.3E-4 4.4E-4 6.0E-4 7.1E-4
261.426 103.017 0.0017 0.0014 5.7E-4 7.2E-4 6.3E-4 6.3E-4 5.8E-4 5.7E-4 3.5E-4 6.1E-4
269.087 103.017 0.0017 0.0023 5.1E-4 7.3E-4 6.0E-4 5.1E-4 7.5E-4 7.5E-4 4.5E-4 5.4E-4
276.972 103.018 0.0016 0.0011 5.8E-4 4.7E-4 6.1E-4 5.3E-4 7.1E-4 5.9E-4 4.9E-4 5.1E-4
285.088 103.018 0.0017 0.0016 4.2E-4 5.4E-4 7.6E-4 5.0E-4 5.1E-4 6.1E-4 9.1E-4 4.8E-4
293.441 103.018 0.0019 0.0012 4.7E-4 6.3E-4 8.5E-4 7.3E-4 4.6E-4 8.7E-4 8.2E-4 5.2E-4
302.040 103.019 0.0020 0.0014 7.0E-4 7.4E-4 9.0E-4 7.0E-4 5.3E-4 7.8E-4 6.7E-4 5.1E-4
310.890 103.019 0.0019 0.0017 5.3E-4 7.4E-4 6.4E-4 5.0E-4 4.9E-4 7.4E-4 8.8E-4 8.2E-4
320.000 103.019 0.0017 0.0012 5.7E-4 8.7E-4 4.3E-4 5.6E-4 4.0E-4 5.9E-4 8.3E-4 5.1E-4
329.377 103.020 0.0018 9.3E-4 5.4E-4 9.1E-4 4.2E-4 5.9E-4 7.0E-4 5.8E-4 6.9E-4 4.5E-4
339.028 103.020 0.0018 0.0013 5.4E-4 7.6E-4 5.6E-4 8.3E-4 6.1E-4 7.0E-4 5.7E-4 5.6E-4
348.962 103.020 0.0022 0.0032 0.0010 9.0E-4 5.8E-4 7.9E-4 6.8E-4 5.8E-4 7.5E-4 6.6E-4
359.188 103.021 0.0021 8.0E-4 0.0011 7.1E-4 6.4E-4 5.5E-4 7.3E-4 5.3E-4 7.1E-4 8.5E-4
369.713 103.021 0.0022 8.8E-4 9.9E-4 8.7E-4 5.2E-4 7.9E-4 7.5E-4 7.4E-4 7.4E-4 8.3E-4
380.546 103.021 0.0021 8.7E-4 9.4E-4 6.6E-4 5.2E-4 7.4E-4 9.1E-4 6.0E-4 6.5E-4 7.4E-4
391.697 103.022 0.0020 0.0014 9.3E-4 7.2E-4 4.5E-4 8.4E-4 6.5E-4 6.2E-4 6.9E-4 7.3E-4
403.175 103.022 0.0018 0.0020 8.8E-4 5.5E-4 5.2E-4 5.5E-4 6.5E-4 5.1E-4 7.6E-4 6.8E-4
414.989 103.022 0.0019 0.0017 7.1E-4 6.6E-4 6.6E-4 7.5E-4 7.0E-4 4.9E-4 8.6E-4 6.3E-4
427.149 103.022 0.0020 9.9E-4 7.9E-4 5.7E-4 6.2E-4 7.0E-4 7.6E-4 7.8E-4 7.7E-4 6.9E-4
439.665 103.023 0.0020 0.0017 7.2E-4 7.6E-4 7.3E-4 7.2E-4 7.2E-4 6.6E-4 7.6E-4 5.0E-4
452.548 103.023 0.0018 0.0025 8.4E-4 7.0E-4 5.6E-4 5.1E-4 5.5E-4 4.7E-4 6.3E-4 7.0E-4
465.809 103.023 0.0020 0.0016 6.9E-4 5.9E-4 6.1E-4 6.5E-4 5.5E-4 6.6E-4 9.6E-4 7.3E-4
479.458 103.024 0.0019 0.0014 8.0E-4 5.8E-4 6.4E-4 8.2E-4 6.0E-4 7.6E-4 6.7E-4 4.9E-4
493.507 103.024 0.0023 0.0016 0.0011 9.8E-4 8.8E-4 7.3E-4 5.6E-4 8.2E-4 7.1E-4 7.0E-4
507.968 103.024 0.0023 0.0013 8.8E-4 8.6E-4 8.7E-4 5.1E-4 8.3E-4 7.8E-4 7.8E-4 8.4E-4
522.853 103.025 0.0022 0.0017 8.9E-4 8.5E-4 7.1E-4 6.4E-4 8.8E-4 8.9E-4 6.3E-4 6.3E-4
538.174 103.025 0.0024 0.0014 9.7E-4 6.6E-4 7.7E-4 7.2E-4 7.5E-4 0.0011 8.4E-4 9.7E-4
553.943 103.025 0.0024 0.0015 9.2E-4 6.8E-4 5.4E-4 8.3E-4 9.0E-4 9.6E-4 7.8E-4 0.0011
570.175 103.025 0.0025 0.0017 9.1E-4 7.6E-4 5.3E-4 7.4E-4 8.7E-4 9.3E-4 0.0011 9.5E-4
586.883 103.026 0.0024 0.0013 8.0E-4 0.0010 6.9E-4 6.2E-4 5.9E-4 8.1E-4 0.0011 9.7E-4
604.080 103.026 0.0024 0.0012 8.4E-4 9.8E-4 9.2E-4 7.2E-4 4.7E-4 6.7E-4 0.0011 1.0E-3
621.780 103.026 0.0025 0.0021 9.4E-4 0.0010 7.9E-4 8.8E-4 7.8E-4 6.3E-4 9.3E-4 9.5E-4
640.000 103.026 0.0026 0.0019 8.4E-4 0.0011 9.0E-4 9.8E-4 9.2E-4 7.9E-4 8.1E-4 0.0010
658.753 103.026 0.0030 0.0011 0.0010 0.0012 0.0011 0.0011 6.6E-4 0.0013 9.3E-4 1.0E-3
678.056 103.027 0.0028 0.0014 0.0010 8.9E-4 9.6E-4 1.0E-3 6.6E-4 0.0012 9.5E-4 0.0011
697.925 103.027 0.0025 0.0017 0.0011 7.9E-4 7.3E-4 8.9E-4 7.7E-4 9.4E-4 8.9E-4 9.7E-4
718.376 103.027 0.0027 0.0023 0.0013 6.4E-4 0.0011 8.8E-4 9.3E-4 8.4E-4 7.6E-4 0.0010
739.426 103.027 0.0027 0.0027 0.0011 8.6E-4 0.0011 0.0011 6.8E-4 8.1E-4 0.0011 7.7E-4
761.093 103.027 0.0025 0.0016 0.0011 8.8E-4 9.1E-4 8.8E-4 9.0E-4 6.6E-4 8.8E-4 9.2E-4
783.394 103.027 0.0030 0.0021 0.0013 9.6E-4 9.6E-4 0.0010 0.0012 8.2E-4 0.0011 0.0011
806.349 103.028 0.0028 0.0028 0.0011 9.5E-4 0.0011 0.0010 8.8E-4 7.0E-4 0.0011 9.9E-4
829.977 103.028 0.0027 0.0019 9.4E-4 8.4E-4 9.9E-4 8.8E-4 7.9E-4 7.2E-4 0.0011 0.0013
854.297 103.028 0.0028 0.0021 7.8E-4 0.0011 0.0010 0.0011 0.0010 9.8E-4 0.0010 8.0E-4
879.330 103.028 0.0029 0.0014 7.4E-4 0.0013 0.0012 0.0012 9.6E-4 9.9E-4 9.5E-4 8.1E-4
905.097 103.028 0.0030 0.0019 9.0E-4 0.0013 0.0012 0.0013 7.8E-4 9.1E-4 9.4E-4 0.0010
931.618 103.028 0.0029 0.0022 9.6E-4 0.0013 0.0011 0.0011 6.7E-4 9.4E-4 0.0010 0.0010
958.917 103.028 0.0029 0.0017 0.0013 9.9E-4 0.0012 8.6E-4 7.7E-4 9.8E-4 9.6E-4 0.0011
987.015 103.028 0.0030 0.0028 0.0012 0.0011 0.0011 0.0010 9.3E-4 8.4E-4 8.8E-4 0.0012
1015.937 103.028 0.0028 0.0023 0.0011 9.6E-4 9.5E-4 0.0011 7.7E-4 8.1E-4 0.0010 0.0011
1045.706 103.028 0.0029 0.0037 0.0014 8.4E-4 0.0010 0.0010 9.0E-4 8.0E-4 0.0011 9.1E-4
1076.347 103.028 0.0029 0.0021 0.0011 9.0E-4 9.9E-4 0.0011 9.1E-4 9.4E-4 9.8E-4 0.0012
1107.887 103.028 0.0033 0.0026 0.0011 0.0014 0.0012 0.0013 0.0011 8.6E-4 0.0014 0.0010
1140.350 103.027 0.0035 0.0024 0.0013 0.0014 0.0014 0.0013 0.0011 0.0012 9.3E-4 0.0013
1173.765 103.027 0.0032 0.0025 0.0012 0.0010 0.0011 0.0012 0.0011 0.0012 9.4E-4 0.0012
1208.159 103.027 0.0034 0.0026 0.0014 0.0011 0.0011 0.0013 1.0E-3 0.0010 0.0012 0.0013
1243.561 103.027 0.0034 0.0022 0.0013 0.0011 0.0012 0.0012 0.0011 0.0010 0.0013 0.0012
1280.000 103.027 0.0033 0.0026 0.0011 0.0011 0.0011 0.0012 0.0012 0.0010 0.0012 0.0013
1317.507 103.026 0.0037 0.0019 0.0013 0.0013 9.8E-4 0.0013 0.0012 0.0015 0.0015 0.0013
1356.113 103.026 0.0037 0.0028 0.0012 0.0012 0.0012 0.0014 0.0013 0.0017 0.0012 0.0013
1395.850 103.026 0.0034 0.0027 0.0014 9.2E-4 0.0012 0.0011 0.0012 0.0014 0.0012 0.0012
1436.751 103.025 0.0037 0.0029 0.0016 0.0013 0.0012 0.0013 0.0014 0.0013 0.0011 0.0014
1478.851 103.025 0.0036 0.0020 0.0016 0.0012 0.0012 0.0013 0.0015 0.0012 0.0012 0.0011
1522.185 103.024 0.0037 0.0020 0.0015 0.0011 0.0014 0.0014 0.0014 0.0012 0.0013 0.0012
1566.789 103.024 0.0039 0.0026 0.0016 0.0014 0.0012 0.0015 0.0014 0.0014 0.0013 0.0013
1612.699 103.023 0.0040 0.0029 0.0016 0.0016 0.0012 0.0014 0.0014 0.0014 0.0012 0.0014
1659.955 103.023 0.0040 0.0026 0.0016 0.0017 0.0014 0.0011 0.0013 0.0015 0.0010 0.0013
1708.595 103.022 0.0041 0.0030 0.0016 0.0017 0.0016 0.0011 0.0013 0.0013 0.0014 0.0013
1758.661 103.021 0.0040 0.0034 0.0017 0.0014 0.0015 0.0013 0.0013 0.0014 0.0013 0.0013
1810.193 103.021 0.0043 0.0027 0.0018 0.0016 0.0016 0.0013 0.0015 0.0013 0.0016 0.0012
1863.236 103.020 0.0043 0.0039 0.0018 0.0014 0.0014 0.0014 0.0017 0.0014 0.0014 0.0015
1917.833 103.019 0.0043 0.0037 0.0019 0.0014 0.0016 0.0015 0.0016 0.0012 0.0014 0.0014
1974.030 103.018 0.0045 0.0028 0.0019 0.0016 0.0017 0.0016 0.0016 0.0015 0.0015 0.0013
2031.873 103.017 0.0044 0.0031 0.0019 0.0015 0.0014 0.0015 0.0015 0.0016 0.0016 0.0012
2091.412 103.016 0.0043 0.0023 0.0017 0.0014 0.0015 0.0015 0.0012 0.0019 0.0015 0.0012
2152.695 103.015 0.0044 0.0035 0.0015 0.0017 0.0019 0.0015 0.0012 0.0018 0.0014 0.0011
2215.774 103.014 0.0045 0.0031 0.0020 0.0016 0.0018 0.0016 0.0013 0.0016 0.0014 0.0012
2280.701 103.012 0.0046 0.0032 0.0021 0.0014 0.0018 0.0018 0.0017 0.0015 0.0014 0.0010
2347.530 103.011 0.0045 0.0045 0.0018 0.0018 0.0017 0.0019 0.0017 0.0014 0.0014 8.5E-4
2416.318 103.010 0.0046 0.0031 0.0019 0.0023 0.0016 0.0019 0.0018 0.0011 0.0011 8.2E-4
