* Distortion data saved by REW V5.20.13
* Dated: Sep 10, 2023 9:50:47 PM
* Source: ASIO ASIO Lynx, Aurora(n) Record 26
* Format: 256k Log Swept Sine, 1 sweep at -14.0 dBFS with no timing reference
* Measurement: VSP-2+36DB 九月 11
* Frequency Step: 24 ppo
* Freq (Hz) Fundamental (dB) THD (%) Noise (%) H2 (%) H3 (%) H4 (%) H5 (%) H6 (%) H7 (%) H8 (%) H9 (%)
10.000 102.905 0.091 5.3E-4 0.042 0.076 0.020 0.018 0.0064 0.0056 0.0017 9.3E-4
10.293 102.932 0.087 5.6E-4 0.037 0.074 0.019 0.017 0.0065 0.0055 0.0018 8.7E-4
10.595 102.951 0.084 5.6E-4 0.032 0.072 0.019 0.016 0.0065 0.0053 0.0019 8.0E-4
10.905 102.965 0.080 5.6E-4 0.028 0.071 0.019 0.015 0.0064 0.0051 0.0019 7.3E-4
11.225 102.977 0.077 5.6E-4 0.025 0.069 0.018 0.014 0.0063 0.0048 0.0020 6.6E-4
11.554 102.986 0.074 5.6E-4 0.022 0.067 0.018 0.013 0.0062 0.0044 0.0020 6.1E-4
11.892 102.996 0.072 5.5E-4 0.019 0.065 0.017 0.012 0.0060 0.0041 0.0019 5.7E-4
12.241 103.002 0.069 5.5E-4 0.018 0.064 0.016 0.011 0.0057 0.0037 0.0019 5.4E-4
12.599 103.007 0.067 5.5E-4 0.016 0.062 0.015 0.0096 0.0054 0.0032 0.0018 5.2E-4
12.968 103.011 0.065 5.5E-4 0.015 0.061 0.015 0.0087 0.0051 0.0028 0.0017 5.2E-4
13.348 103.014 0.063 5.7E-4 0.014 0.059 0.014 0.0078 0.0048 0.0024 0.0016 5.3E-4
13.740 103.017 0.061 5.7E-4 0.013 0.058 0.013 0.0070 0.0044 0.0019 0.0014 5.7E-4
14.142 103.018 0.059 5.7E-4 0.013 0.056 0.012 0.0062 0.0040 0.0015 0.0012 6.1E-4
14.557 103.019 0.057 5.7E-4 0.013 0.054 0.011 0.0056 0.0036 0.0011 0.0011 6.5E-4
14.983 103.019 0.055 5.7E-4 0.013 0.053 0.010 0.0050 0.0032 9.1E-4 9.2E-4 7.0E-4
15.422 103.020 0.054 5.7E-4 0.012 0.051 0.0093 0.0045 0.0028 8.3E-4 8.1E-4 7.5E-4
15.874 103.019 0.052 5.7E-4 0.012 0.049 0.0084 0.0040 0.0023 8.4E-4 7.1E-4 7.8E-4
16.339 103.019 0.050 5.0E-4 0.012 0.047 0.0076 0.0036 0.0018 8.7E-4 6.4E-4 8.0E-4
16.818 103.018 0.048 5.0E-4 0.012 0.045 0.0068 0.0033 0.0014 8.5E-4 5.9E-4 8.0E-4
17.311 103.017 0.046 5.0E-4 0.012 0.043 0.0060 0.0030 0.0010 7.8E-4 5.5E-4 7.9E-4
17.818 103.017 0.044 5.0E-4 0.012 0.042 0.0053 0.0028 6.9E-4 6.9E-4 4.9E-4 7.6E-4
18.340 103.015 0.042 5.0E-4 0.013 0.040 0.0046 0.0027 4.2E-4 6.0E-4 4.3E-4 7.1E-4
18.877 103.014 0.041 5.0E-4 0.013 0.038 0.0040 0.0027 2.5E-4 5.0E-4 3.6E-4 6.4E-4
19.431 103.013 0.039 9.2E-4 0.013 0.037 0.0035 0.0026 1.8E-4 4.0E-4 3.2E-4 5.7E-4
20.000 103.012 0.038 9.2E-4 0.013 0.035 0.0030 0.0025 1.9E-4 3.2E-4 2.7E-4 5.3E-4
20.586 103.011 0.036 9.2E-4 0.013 0.033 0.0026 0.0022 2.7E-4 2.9E-4 2.3E-4 4.9E-4
21.189 103.010 0.035 9.2E-4 0.013 0.032 0.0024 0.0017 4.0E-4 2.7E-4 1.8E-4 4.7E-4
21.810 103.009 0.033 9.2E-4 0.013 0.031 0.0022 0.0011 4.8E-4 2.4E-4 1.4E-4 4.5E-4
22.449 103.008 0.032 9.9E-4 0.013 0.029 0.0021 8.5E-4 4.9E-4 2.0E-4 1.2E-4 4.0E-4
23.107 103.007 0.031 9.9E-4 0.012 0.028 0.0020 8.1E-4 4.7E-4 1.7E-4 1.1E-4 3.3E-4
23.784 103.006 0.029 9.9E-4 0.012 0.027 0.0019 9.3E-4 4.5E-4 1.6E-4 1.1E-4 2.8E-4
24.481 103.005 0.028 9.9E-4 0.012 0.025 0.0020 0.0012 4.2E-4 1.6E-4 1.2E-4 2.4E-4
25.198 103.004 0.027 5.0E-4 0.011 0.024 0.0021 0.0014 3.9E-4 1.8E-4 1.3E-4 3.1E-4
25.937 103.004 0.026 5.0E-4 0.011 0.023 0.0023 0.0015 3.6E-4 2.2E-4 1.5E-4 5.4E-4
26.697 103.003 0.025 5.0E-4 0.011 0.022 0.0023 0.0016 3.3E-4 2.6E-4 2.0E-4 7.3E-4
27.479 103.002 0.023 5.0E-4 0.010 0.021 0.0020 0.0016 2.6E-4 2.4E-4 3.2E-4 8.5E-4
28.284 103.002 0.022 4.9E-4 0.0097 0.019 0.0015 0.0017 1.5E-4 2.0E-4 4.8E-4 8.2E-4
29.113 103.001 0.020 4.9E-4 0.0088 0.018 0.0010 0.0017 9.0E-5 1.8E-4 7.0E-4 6.5E-4
29.966 103.001 0.019 4.9E-4 0.0081 0.017 7.7E-4 0.0016 8.0E-5 1.8E-4 8.9E-4 4.4E-4
30.844 103.000 0.018 3.4E-4 0.0077 0.016 6.4E-4 0.0015 9.2E-5 1.9E-4 9.9E-4 2.7E-4
31.748 103.000 0.016 3.4E-4 0.0072 0.015 6.0E-4 0.0012 1.1E-4 2.1E-4 9.0E-4 2.1E-4
32.678 102.999 0.015 3.4E-4 0.0068 0.013 5.8E-4 1.0E-3 1.6E-4 3.4E-4 6.5E-4 2.2E-4
33.636 102.999 0.014 3.4E-4 0.0064 0.013 5.8E-4 8.7E-4 1.7E-4 5.9E-4 3.9E-4 2.5E-4
34.621 102.998 0.014 4.2E-4 0.0059 0.012 5.9E-4 8.3E-4 1.5E-4 8.9E-4 2.7E-4 2.9E-4
35.636 102.998 0.013 4.2E-4 0.0053 0.012 6.4E-4 7.8E-4 1.5E-4 0.0010 1.8E-4 3.2E-4
36.680 102.998 0.013 3.8E-4 0.0049 0.012 7.2E-4 6.2E-4 1.7E-4 9.0E-4 1.3E-4 3.1E-4
37.755 102.998 0.013 3.8E-4 0.0045 0.012 6.8E-4 4.7E-4 2.5E-4 6.0E-4 1.2E-4 2.9E-4
38.861 102.998 0.011 3.8E-4 0.0040 0.011 5.1E-4 4.6E-4 4.8E-4 4.3E-4 1.5E-4 3.7E-4
40.000 102.997 0.010 6.5E-4 0.0035 0.0098 3.5E-4 4.4E-4 8.0E-4 4.2E-4 1.8E-4 4.2E-4
41.172 102.997 0.0095 6.5E-4 0.0031 0.0089 2.6E-4 3.4E-4 0.0011 3.3E-4 2.1E-4 4.0E-4
42.379 102.997 0.0087 6.5E-4 0.0030 0.0080 1.8E-4 2.7E-4 0.0011 2.2E-4 2.7E-4 3.5E-4
43.620 102.997 0.0079 0.0011 0.0029 0.0073 2.0E-4 3.1E-4 8.5E-4 1.4E-4 3.1E-4 3.0E-4
44.898 102.997 0.0070 0.0011 0.0024 0.0065 2.4E-4 3.8E-4 5.5E-4 1.5E-4 3.0E-4 2.1E-4
46.214 102.997 0.0063 9.4E-4 0.0015 0.0060 2.1E-4 5.0E-4 3.7E-4 1.5E-4 2.8E-4 1.2E-4
47.568 102.997 0.0058 9.4E-4 6.6E-4 0.0057 2.2E-4 8.5E-4 3.4E-4 1.0E-4 2.6E-4 7.6E-5
48.962 102.997 0.0056 9.7E-4 5.9E-4 0.0054 3.0E-4 0.0013 3.7E-4 8.2E-5 2.2E-4 9.9E-5
50.397 102.998 0.0056 9.7E-4 0.0015 0.0052 2.9E-4 0.0014 2.8E-4 2.2E-4 1.4E-4 1.7E-4
51.874 102.998 0.0057 0.0023 0.0025 0.0050 1.8E-4 8.7E-4 1.6E-4 2.9E-4 1.3E-4 2.3E-4
53.394 102.998 0.0060 0.0023 0.0037 0.0046 1.2E-4 4.5E-4 1.6E-4 2.6E-4 2.2E-4 2.4E-4
54.958 102.998 0.0056 0.0022 0.0034 0.0043 8.3E-5 4.3E-4 2.8E-4 3.0E-4 3.5E-4 1.9E-4
56.569 102.998 0.0045 0.0022 0.0017 0.0041 1.1E-4 3.8E-4 2.9E-4 3.7E-4 4.3E-4 1.8E-4
58.226 102.998 0.0040 7.1E-4 0.0010 0.0038 2.9E-4 2.3E-4 2.6E-4 3.1E-4 3.7E-4 2.5E-4
59.932 102.999 0.0036 7.1E-4 0.0011 0.0033 7.9E-4 2.1E-4 1.9E-4 1.7E-4 2.5E-4 3.2E-4
61.688 102.999 0.0036 3.8E-4 9.2E-4 0.0030 0.0015 2.7E-4 2.0E-4 1.8E-4 2.2E-4 3.7E-4
63.496 102.999 0.0032 9.7E-4 6.3E-4 0.0027 0.0015 3.7E-4 2.5E-4 2.5E-4 2.4E-4 3.8E-4
65.357 102.999 0.0026 9.7E-4 4.9E-4 0.0024 6.5E-4 4.3E-4 3.0E-4 2.9E-4 1.7E-4 3.1E-4
67.272 102.999 0.0023 0.0012 5.5E-4 0.0021 4.2E-4 3.2E-4 2.9E-4 3.1E-4 2.4E-4 2.3E-4
69.243 103.000 0.0021 4.6E-4 5.8E-4 0.0018 4.2E-4 3.7E-4 2.5E-4 3.2E-4 2.5E-4 2.8E-4
71.272 103.000 0.0019 4.6E-4 5.8E-4 0.0017 3.7E-4 3.8E-4 3.1E-4 3.1E-4 2.0E-4 3.2E-4
73.360 103.000 0.0018 5.9E-4 6.4E-4 0.0015 3.1E-4 2.4E-4 4.5E-4 2.4E-4 3.0E-4 2.6E-4
75.510 103.001 0.0016 9.4E-4 7.6E-4 0.0012 2.6E-4 1.3E-4 4.5E-4 2.6E-4 3.3E-4 2.5E-4
77.723 103.001 0.0013 0.0011 5.6E-4 8.8E-4 2.7E-4 1.1E-4 3.6E-4 3.9E-4 2.0E-4 3.8E-4
80.000 103.001 0.0011 0.0011 3.1E-4 8.0E-4 3.3E-4 1.3E-4 2.7E-4 2.9E-4 1.1E-4 3.6E-4
82.344 103.002 0.0016 4.0E-4 3.0E-4 0.0014 3.9E-4 1.4E-4 1.5E-4 2.1E-4 2.0E-4 3.6E-4
84.757 103.002 0.0015 9.1E-4 5.4E-4 0.0012 3.9E-4 2.1E-4 2.2E-4 2.7E-4 3.9E-4 3.2E-4
87.241 103.002 0.0012 0.0014 5.2E-4 7.3E-4 4.2E-4 2.5E-4 2.8E-4 2.7E-4 3.8E-4 3.0E-4
89.797 103.003 0.0011 0.0010 3.9E-4 6.0E-4 4.9E-4 3.3E-4 3.1E-4 2.7E-4 2.9E-4 2.4E-4
92.428 103.003 0.0011 5.6E-4 5.2E-4 5.3E-4 2.9E-4 3.3E-4 4.7E-4 3.2E-4 2.6E-4 2.6E-4
95.137 103.003 0.0011 5.6E-4 5.1E-4 5.7E-4 1.1E-4 2.2E-4 4.9E-4 3.6E-4 3.7E-4 3.6E-4
97.924 103.003 0.0011 0.0018 5.8E-4 4.8E-4 3.0E-4 3.5E-4 5.1E-4 3.2E-4 2.8E-4 3.0E-4
100.794 103.004 0.0013 0.0033 5.3E-4 7.6E-4 5.5E-4 3.2E-4 4.6E-4 3.7E-4 2.5E-4 2.9E-4
103.747 103.004 0.0013 0.0017 3.5E-4 7.0E-4 6.6E-4 2.8E-4 3.9E-4 4.5E-4 3.7E-4 2.0E-4
106.787 103.004 0.0013 0.0044 3.0E-4 6.0E-4 6.1E-4 3.7E-4 3.6E-4 4.7E-4 4.6E-4 1.9E-4
109.916 103.005 0.0013 0.0054 2.6E-4 6.1E-4 8.1E-4 3.8E-4 4.2E-4 3.2E-4 3.8E-4 9.1E-5
113.137 103.005 0.0012 0.0012 1.9E-4 5.6E-4 6.8E-4 3.7E-4 3.0E-4 2.5E-4 4.2E-4 2.3E-4
116.452 103.005 0.0012 9.1E-4 2.8E-4 8.3E-4 3.3E-4 3.0E-4 2.7E-4 2.6E-4 3.8E-4 4.4E-4
119.865 103.006 0.0013 0.0011 6.2E-4 7.3E-4 2.5E-4 4.3E-4 3.2E-4 3.6E-4 3.0E-4 3.9E-4
123.377 103.006 0.0020 8.6E-4 0.0016 6.8E-4 2.5E-4 5.0E-4 3.8E-4 4.9E-4 3.0E-4 4.9E-4
126.992 103.007 0.0019 5.6E-4 0.0015 5.0E-4 2.7E-4 6.5E-4 4.9E-4 4.7E-4 3.7E-4 3.4E-4
130.713 103.007 0.0012 9.6E-4 6.7E-4 4.8E-4 2.6E-4 5.2E-4 3.7E-4 3.9E-4 2.6E-4 2.2E-4
134.543 103.007 0.0012 6.0E-4 6.0E-4 4.2E-4 3.7E-4 4.0E-4 3.1E-4 4.5E-4 2.5E-4 4.1E-4
138.486 103.008 0.0012 5.9E-4 4.4E-4 4.9E-4 4.4E-4 4.1E-4 2.8E-4 6.2E-4 3.3E-4 3.1E-4
142.544 103.008 0.0010 8.1E-4 3.4E-4 4.4E-4 3.2E-4 3.6E-4 2.2E-4 4.8E-4 4.1E-4 2.9E-4
146.721 103.008 0.0011 9.9E-4 4.1E-4 4.6E-4 3.7E-4 5.1E-4 3.7E-4 3.0E-4 3.2E-4 2.7E-4
151.020 103.009 0.0013 0.0011 3.0E-4 5.3E-4 5.4E-4 8.2E-4 2.3E-4 4.3E-4 3.9E-4 2.6E-4
155.445 103.009 0.0011 5.4E-4 2.9E-4 3.5E-4 4.3E-4 4.1E-4 3.3E-4 4.0E-4 5.3E-4 3.3E-4
160.000 103.009 0.0013 9.8E-4 2.9E-4 5.1E-4 5.8E-4 4.9E-4 4.0E-4 4.8E-4 4.6E-4 4.5E-4
164.688 103.010 0.0013 8.2E-4 2.7E-4 7.1E-4 3.8E-4 5.8E-4 4.0E-4 4.6E-4 3.0E-4 5.2E-4
169.514 103.010 0.0014 8.7E-4 3.6E-4 7.7E-4 4.5E-4 4.6E-4 5.0E-4 3.3E-4 3.7E-4 4.8E-4
174.481 103.010 0.0015 6.7E-4 6.6E-4 6.9E-4 7.0E-4 4.1E-4 4.7E-4 2.9E-4 3.3E-4 6.3E-4
179.594 103.011 0.0012 7.7E-4 3.6E-4 4.1E-4 4.3E-4 4.0E-4 3.3E-4 5.0E-4 3.4E-4 6.0E-4
184.856 103.011 0.0011 0.0010 4.5E-4 2.7E-4 5.7E-4 3.4E-4 2.4E-4 4.2E-4 4.1E-4 3.6E-4
190.273 103.012 0.0011 8.2E-4 4.1E-4 3.0E-4 5.6E-4 3.2E-4 2.7E-4 5.1E-4 3.9E-4 2.7E-4
195.849 103.012 0.0012 8.8E-4 5.6E-4 2.7E-4 3.3E-4 2.5E-4 4.4E-4 5.2E-4 4.0E-4 3.8E-4
201.587 103.012 0.0011 0.0012 3.4E-4 2.5E-4 3.3E-4 3.9E-4 5.7E-4 3.6E-4 3.2E-4 5.3E-4
207.494 103.013 0.0013 8.7E-4 5.0E-4 3.2E-4 5.5E-4 4.0E-4 5.9E-4 4.6E-4 3.5E-4 4.2E-4
213.574 103.013 0.0013 8.5E-4 5.8E-4 3.0E-4 4.2E-4 5.0E-4 4.0E-4 6.0E-4 4.3E-4 3.5E-4
219.833 103.013 0.0014 7.7E-4 6.9E-4 5.2E-4 3.7E-4 6.0E-4 5.0E-4 5.1E-4 4.3E-4 3.0E-4
226.274 103.014 0.0015 7.4E-4 8.1E-4 2.9E-4 6.3E-4 3.9E-4 6.1E-4 4.6E-4 4.5E-4 3.2E-4
232.905 103.014 0.0013 9.3E-4 3.3E-4 2.8E-4 6.4E-4 5.0E-4 6.7E-4 4.1E-4 4.0E-4 4.4E-4
239.729 103.014 0.0013 4.5E-4 2.3E-4 2.4E-4 6.8E-4 4.6E-4 5.8E-4 3.4E-4 4.7E-4 4.4E-4
246.754 103.015 0.0014 0.0016 4.5E-4 5.2E-4 4.7E-4 4.8E-4 5.4E-4 4.9E-4 3.6E-4 6.1E-4
253.984 103.015 0.0013 0.0017 6.4E-4 5.0E-4 4.0E-4 4.1E-4 4.0E-4 4.5E-4 3.9E-4 5.2E-4
261.426 103.016 0.0014 8.3E-4 5.5E-4 5.2E-4 6.8E-4 4.3E-4 3.7E-4 5.0E-4 4.4E-4 4.6E-4
269.087 103.016 0.0013 6.0E-4 4.4E-4 5.6E-4 4.9E-4 4.0E-4 3.4E-4 5.7E-4 5.7E-4 2.7E-4
276.972 103.016 0.0015 9.0E-4 6.6E-4 7.2E-4 3.8E-4 5.8E-4 3.9E-4 5.5E-4 4.3E-4 3.9E-4
285.088 103.017 0.0014 7.0E-4 6.0E-4 5.0E-4 3.6E-4 4.9E-4 5.3E-4 5.4E-4 3.0E-4 6.0E-4
293.441 103.017 0.0015 6.7E-4 5.6E-4 5.2E-4 4.5E-4 5.1E-4 5.0E-4 5.6E-4 3.9E-4 5.8E-4
302.040 103.017 0.0015 0.0011 4.1E-4 5.6E-4 5.5E-4 6.5E-4 5.2E-4 5.7E-4 3.8E-4 4.8E-4
310.890 103.018 0.0016 9.3E-4 2.8E-4 7.1E-4 3.3E-4 7.7E-4 6.4E-4 4.7E-4 5.9E-4 4.5E-4
320.000 103.018 0.0015 9.8E-4 4.2E-4 6.3E-4 3.6E-4 4.5E-4 6.3E-4 7.2E-4 5.1E-4 4.9E-4
329.377 103.018 0.0014 9.2E-4 5.5E-4 4.6E-4 4.5E-4 3.9E-4 5.0E-4 5.0E-4 4.3E-4 6.0E-4
339.028 103.019 0.0014 0.0010 4.0E-4 5.2E-4 4.3E-4 4.5E-4 4.8E-4 4.3E-4 4.0E-4 7.8E-4
348.962 103.019 0.0014 0.0027 4.5E-4 5.9E-4 3.5E-4 6.2E-4 4.0E-4 5.1E-4 3.9E-4 5.4E-4
359.188 103.019 0.0016 0.0012 4.3E-4 8.2E-4 2.7E-4 6.4E-4 3.3E-4 6.7E-4 4.9E-4 5.3E-4
369.713 103.020 0.0016 8.9E-4 4.9E-4 7.6E-4 4.2E-4 7.9E-4 3.7E-4 5.3E-4 4.9E-4 5.4E-4
380.546 103.020 0.0017 9.0E-4 5.8E-4 8.5E-4 5.2E-4 4.4E-4 6.2E-4 4.5E-4 6.0E-4 6.0E-4
391.697 103.020 0.0017 0.0013 6.7E-4 8.8E-4 5.0E-4 2.6E-4 8.8E-4 3.8E-4 4.0E-4 5.8E-4
403.175 103.021 0.0018 0.0015 6.1E-4 7.5E-4 5.5E-4 3.7E-4 9.7E-4 5.4E-4 3.5E-4 6.9E-4
414.989 103.021 0.0017 0.0011 7.2E-4 5.5E-4 7.2E-4 4.5E-4 7.1E-4 4.4E-4 3.9E-4 6.7E-4
427.149 103.021 0.0017 9.2E-4 7.7E-4 5.4E-4 7.7E-4 5.1E-4 5.6E-4 3.4E-4 4.1E-4 8.2E-4
439.665 103.022 0.0018 0.0021 7.5E-4 4.8E-4 8.8E-4 6.6E-4 4.0E-4 4.5E-4 5.4E-4 6.8E-4
452.548 103.022 0.0017 0.0023 7.0E-4 6.4E-4 5.2E-4 4.2E-4 4.7E-4 4.3E-4 5.5E-4 9.0E-4
465.809 103.022 0.0017 0.0016 6.2E-4 5.4E-4 6.8E-4 3.6E-4 7.0E-4 7.6E-4 5.0E-4 6.5E-4
479.458 103.023 0.0020 8.0E-4 7.7E-4 4.4E-4 8.4E-4 5.0E-4 6.2E-4 8.6E-4 6.1E-4 8.3E-4
493.507 103.023 0.0021 0.0018 9.7E-4 4.8E-4 9.2E-4 5.6E-4 4.5E-4 8.0E-4 9.0E-4 7.2E-4
507.968 103.023 0.0020 9.4E-4 9.1E-4 6.9E-4 9.8E-4 4.8E-4 5.8E-4 6.0E-4 6.8E-4 5.2E-4
522.853 103.023 0.0020 0.0018 1.0E-3 8.4E-4 7.4E-4 5.1E-4 5.6E-4 5.6E-4 7.5E-4 4.2E-4
538.174 103.024 0.0019 0.0014 7.3E-4 7.7E-4 7.9E-4 5.1E-4 7.8E-4 6.9E-4 5.9E-4 4.3E-4
553.943 103.024 0.0020 0.0020 9.3E-4 6.0E-4 7.7E-4 7.1E-4 7.9E-4 7.9E-4 5.5E-4 5.5E-4
570.175 103.024 0.0021 0.0018 8.4E-4 6.6E-4 7.1E-4 5.7E-4 8.7E-4 8.8E-4 5.6E-4 7.5E-4
586.883 103.024 0.0021 0.0014 7.8E-4 7.5E-4 4.6E-4 6.1E-4 7.1E-4 9.0E-4 7.9E-4 9.4E-4
604.080 103.025 0.0020 8.7E-4 7.7E-4 5.8E-4 6.6E-4 7.6E-4 8.1E-4 6.1E-4 7.4E-4 6.6E-4
621.780 103.025 0.0022 0.0010 9.4E-4 6.1E-4 9.3E-4 6.9E-4 7.1E-4 7.0E-4 7.4E-4 7.4E-4
640.000 103.025 0.0020 0.0018 6.3E-4 6.5E-4 8.6E-4 7.2E-4 6.5E-4 7.9E-4 6.2E-4 7.5E-4
658.753 103.025 0.0022 0.0010 7.1E-4 7.2E-4 7.6E-4 7.5E-4 6.9E-4 8.9E-4 6.3E-4 9.6E-4
678.056 103.026 0.0023 0.0011 9.4E-4 7.6E-4 6.9E-4 9.6E-4 6.2E-4 8.4E-4 7.2E-4 8.5E-4
697.925 103.026 0.0024 0.0013 9.3E-4 9.6E-4 8.1E-4 7.3E-4 6.3E-4 8.6E-4 7.7E-4 0.0010
718.376 103.026 0.0024 0.0014 9.1E-4 6.8E-4 8.1E-4 6.2E-4 6.9E-4 9.6E-4 9.5E-4 0.0011
739.426 103.026 0.0021 0.0024 7.3E-4 7.0E-4 7.5E-4 6.4E-4 7.0E-4 7.7E-4 9.4E-4 6.0E-4
761.093 103.026 0.0021 0.0011 8.5E-4 7.0E-4 5.6E-4 8.0E-4 7.0E-4 7.9E-4 8.9E-4 3.7E-4
783.394 103.026 0.0022 0.0011 6.8E-4 8.4E-4 7.8E-4 9.6E-4 5.3E-4 7.9E-4 0.0010 6.6E-4
806.349 103.026 0.0024 0.0020 8.5E-4 1.0E-3 0.0010 8.9E-4 6.5E-4 8.4E-4 8.5E-4 6.9E-4
829.977 103.027 0.0023 0.0012 8.4E-4 8.2E-4 9.4E-4 7.6E-4 8.2E-4 9.8E-4 7.2E-4 7.0E-4
854.297 103.027 0.0024 0.0026 9.2E-4 8.9E-4 8.7E-4 7.9E-4 6.8E-4 1.0E-3 6.8E-4 8.0E-4
879.330 103.027 0.0025 0.0017 1.0E-3 9.1E-4 9.1E-4 9.1E-4 7.1E-4 0.0010 7.0E-4 8.7E-4
905.097 103.027 0.0025 0.0026 9.2E-4 7.7E-4 8.1E-4 8.8E-4 8.6E-4 0.0010 6.9E-4 9.6E-4
931.618 103.027 0.0025 0.0020 0.0011 9.4E-4 7.7E-4 7.6E-4 0.0011 6.9E-4 6.8E-4 9.7E-4
958.917 103.027 0.0026 0.0018 9.3E-4 0.0010 8.7E-4 8.5E-4 9.9E-4 8.1E-4 7.8E-4 9.5E-4
987.015 103.027 0.0024 0.0016 0.0010 6.9E-4 9.4E-4 7.7E-4 9.3E-4 5.7E-4 9.4E-4 7.3E-4
1015.937 103.027 0.0026 0.0018 8.4E-4 8.7E-4 0.0011 7.3E-4 9.8E-4 8.2E-4 0.0010 9.8E-4
1045.706 103.027 0.0030 0.0022 9.4E-4 0.0012 0.0011 6.9E-4 8.9E-4 1.0E-3 0.0010 0.0013
1076.347 103.027 0.0028 0.0017 0.0011 0.0010 0.0010 8.3E-4 8.0E-4 8.7E-4 9.4E-4 0.0013
1107.887 103.027 0.0026 0.0013 9.1E-4 9.4E-4 8.8E-4 9.4E-4 6.6E-4 9.8E-4 0.0010 0.0010
1140.350 103.026 0.0028 0.0017 0.0012 0.0010 8.9E-4 9.5E-4 7.7E-4 9.3E-4 0.0012 8.5E-4
1173.765 103.026 0.0029 0.0016 0.0013 9.3E-4 8.4E-4 9.4E-4 0.0010 8.7E-4 0.0011 0.0012
1208.159 103.026 0.0028 0.0023 0.0010 0.0012 7.5E-4 9.9E-4 9.7E-4 8.4E-4 0.0010 0.0012
1243.561 103.026 0.0027 0.0023 0.0011 9.7E-4 8.1E-4 0.0011 7.8E-4 8.0E-4 8.6E-4 0.0010
1280.000 103.026 0.0027 0.0021 0.0011 0.0010 7.6E-4 9.8E-4 8.8E-4 7.7E-4 0.0010 0.0011
1317.507 103.025 0.0030 0.0022 0.0012 9.8E-4 8.6E-4 0.0011 0.0011 0.0010 0.0011 0.0013
1356.113 103.025 0.0032 0.0023 0.0013 9.8E-4 9.9E-4 0.0011 0.0011 0.0011 0.0012 0.0011
1395.850 103.025 0.0031 0.0021 0.0011 0.0011 0.0011 0.0010 0.0010 0.0011 0.0012 0.0011
1436.751 103.024 0.0031 0.0018 0.0011 0.0013 0.0013 0.0011 1.0E-3 9.3E-4 9.5E-4 0.0011
1478.851 103.024 0.0031 0.0021 0.0013 0.0011 0.0013 0.0011 0.0011 8.9E-4 9.1E-4 9.9E-4
1522.185 103.023 0.0032 0.0018 0.0010 0.0012 9.8E-4 0.0011 0.0013 0.0010 0.0011 0.0012
1566.789 103.023 0.0035 0.0021 0.0012 0.0013 0.0014 0.0012 0.0012 0.0012 0.0011 0.0013
1612.699 103.022 0.0034 0.0017 0.0012 0.0014 0.0013 0.0012 0.0011 0.0011 0.0012 0.0011
1659.955 103.021 0.0032 0.0022 0.0012 0.0013 0.0010 9.8E-4 0.0013 9.2E-4 0.0013 9.6E-4
1708.595 103.021 0.0032 0.0027 0.0011 0.0012 0.0011 0.0011 0.0012 0.0012 0.0012 0.0010
1758.661 103.020 0.0034 0.0025 0.0013 0.0014 0.0012 0.0011 0.0013 0.0013 0.0011 9.0E-4
1810.193 103.019 0.0033 0.0025 0.0012 0.0012 0.0013 9.9E-4 0.0012 0.0010 0.0012 0.0011
1863.236 103.019 0.0034 0.0023 0.0013 0.0014 0.0014 0.0012 0.0012 0.0010 0.0011 0.0011
1917.833 103.018 0.0034 0.0028 0.0012 0.0015 0.0012 0.0010 0.0012 0.0012 0.0010 0.0012
1974.030 103.017 0.0034 0.0018 0.0013 0.0014 0.0011 0.0012 0.0013 0.0012 0.0011 0.0012
2031.873 103.016 0.0035 0.0025 0.0015 0.0014 0.0011 0.0013 0.0013 0.0010 0.0011 1.0E-3
2091.412 103.015 0.0035 0.0023 0.0013 0.0014 0.0013 0.0014 0.0015 0.0011 9.6E-4 9.2E-4
2152.695 103.014 0.0036 0.0037 0.0013 0.0015 0.0016 0.0014 0.0012 9.8E-4 0.0011 1.0E-3
2215.774 103.012 0.0036 0.0025 0.0014 0.0013 0.0015 0.0016 0.0011 0.0010 9.2E-4 0.0011
2280.701 103.011 0.0033 0.0021 0.0012 0.0014 0.0013 0.0012 0.0011 0.0010 9.4E-4 8.4E-4
2347.530 103.010 0.0036 0.0035 0.0013 0.0013 0.0015 0.0014 0.0013 0.0013 0.0010 7.9E-4
2416.318 103.008 0.0037 0.0029 0.0015 0.0011 0.0015 0.0015 0.0014 0.0013 9.7E-4 8.2E-4
