* Distortion data saved by REW V5.20.13
* Dated: Sep 10, 2023 9:51:20 PM
* Source: ASIO ASIO Lynx, Aurora(n) Record 26
* Format: 256k Log Swept Sine, 1 sweep at -14.0 dBFS with no timing reference
* Measurement: VSP-2+48DB 九月 11
* Frequency Step: 24 ppo
* Freq (Hz) Fundamental (dB) THD (%) Noise (%) H2 (%) H3 (%) H4 (%) H5 (%) H6 (%) H7 (%) H8 (%) H9 (%)
10.000 102.555 0.095 2.2E-4 0.044 0.079 0.020 0.018 0.0072 0.0064 0.0018 0.0014
10.293 102.602 0.090 1.6E-4 0.038 0.077 0.020 0.017 0.0071 0.0062 0.0018 0.0013
10.595 102.636 0.086 1.6E-4 0.033 0.075 0.019 0.016 0.0070 0.0059 0.0017 0.0012
10.905 102.666 0.083 1.6E-4 0.029 0.073 0.019 0.015 0.0068 0.0056 0.0017 0.0011
11.225 102.693 0.079 1.5E-4 0.025 0.071 0.018 0.014 0.0066 0.0052 0.0016 9.5E-4
11.554 102.717 0.076 1.5E-4 0.022 0.069 0.018 0.013 0.0063 0.0048 0.0014 8.5E-4
11.892 102.741 0.074 1.5E-4 0.019 0.068 0.017 0.012 0.0061 0.0044 0.0013 7.8E-4
12.241 102.760 0.071 1.5E-4 0.017 0.066 0.017 0.011 0.0058 0.0039 0.0012 7.1E-4
12.599 102.777 0.069 1.5E-4 0.016 0.064 0.016 0.010 0.0056 0.0035 0.0011 6.6E-4
12.968 102.793 0.067 1.5E-4 0.015 0.063 0.015 0.0095 0.0052 0.0030 9.4E-4 6.3E-4
13.348 102.807 0.065 2.1E-4 0.014 0.061 0.014 0.0085 0.0049 0.0026 8.3E-4 6.2E-4
13.740 102.820 0.063 2.1E-4 0.013 0.060 0.014 0.0075 0.0044 0.0023 7.3E-4 6.2E-4
14.142 102.831 0.061 2.1E-4 0.013 0.058 0.013 0.0067 0.0039 0.0020 6.3E-4 6.3E-4
14.557 102.841 0.059 2.1E-4 0.012 0.056 0.012 0.0058 0.0035 0.0017 5.6E-4 6.4E-4
14.983 102.851 0.057 2.1E-4 0.012 0.054 0.011 0.0051 0.0030 0.0015 4.9E-4 6.5E-4
15.422 102.860 0.055 2.1E-4 0.012 0.053 0.0096 0.0044 0.0024 0.0014 4.3E-4 6.5E-4
15.874 102.867 0.053 2.1E-4 0.012 0.051 0.0087 0.0038 0.0018 0.0014 4.0E-4 6.3E-4
16.339 102.875 0.051 1.7E-4 0.012 0.049 0.0078 0.0033 0.0011 0.0015 4.0E-4 5.9E-4
16.818 102.881 0.050 1.7E-4 0.012 0.047 0.0070 0.0030 6.4E-4 0.0014 4.5E-4 5.4E-4
17.311 102.887 0.048 1.7E-4 0.012 0.046 0.0063 0.0028 4.2E-4 0.0012 5.2E-4 5.0E-4
17.818 102.893 0.046 1.7E-4 0.012 0.044 0.0056 0.0027 3.6E-4 9.9E-4 5.8E-4 4.5E-4
18.340 102.898 0.044 1.7E-4 0.012 0.042 0.0050 0.0026 4.3E-4 7.8E-4 6.2E-4 3.9E-4
18.877 102.903 0.042 1.7E-4 0.013 0.040 0.0044 0.0025 6.0E-4 5.8E-4 6.5E-4 3.3E-4
19.431 102.907 0.040 6.5E-4 0.013 0.038 0.0039 0.0021 7.9E-4 4.0E-4 6.6E-4 2.5E-4
20.000 102.911 0.039 6.5E-4 0.013 0.036 0.0035 0.0017 8.4E-4 2.6E-4 6.4E-4 1.4E-4
20.586 102.915 0.037 6.5E-4 0.013 0.035 0.0031 0.0011 8.0E-4 1.3E-4 6.0E-4 6.8E-5
21.189 102.919 0.035 6.5E-4 0.013 0.033 0.0028 7.7E-4 7.5E-4 5.8E-5 5.3E-4 6.7E-5
21.810 102.922 0.034 6.5E-4 0.013 0.031 0.0025 7.6E-4 7.4E-4 3.9E-5 4.6E-4 1.2E-4
22.449 102.926 0.032 7.7E-4 0.012 0.030 0.0024 8.5E-4 7.5E-4 6.3E-5 4.2E-4 1.9E-4
23.107 102.929 0.031 7.7E-4 0.012 0.028 0.0022 0.0011 7.6E-4 1.5E-4 3.8E-4 2.5E-4
23.784 102.932 0.029 7.7E-4 0.012 0.027 0.0022 0.0012 7.4E-4 2.4E-4 3.4E-4 3.1E-4
24.481 102.935 0.028 7.7E-4 0.011 0.026 0.0022 0.0012 7.0E-4 2.9E-4 3.1E-4 4.0E-4
25.198 102.937 0.027 3.6E-4 0.011 0.024 0.0021 0.0012 6.4E-4 3.1E-4 2.5E-4 5.1E-4
25.937 102.940 0.025 3.6E-4 0.0096 0.023 0.0019 0.0011 5.3E-4 2.7E-4 1.8E-4 6.6E-4
26.697 102.942 0.024 3.6E-4 0.0089 0.022 0.0016 0.0012 4.0E-4 2.3E-4 1.5E-4 7.9E-4
27.479 102.945 0.023 3.6E-4 0.0085 0.021 0.0012 0.0012 3.4E-4 2.2E-4 1.4E-4 8.5E-4
28.284 102.947 0.021 2.7E-4 0.0083 0.019 8.2E-4 0.0012 3.7E-4 2.3E-4 2.1E-4 8.1E-4
29.113 102.949 0.020 2.7E-4 0.0081 0.018 5.4E-4 0.0011 4.2E-4 2.8E-4 4.2E-4 6.8E-4
29.966 102.951 0.019 2.7E-4 0.0077 0.017 4.4E-4 9.6E-4 4.4E-4 3.7E-4 6.5E-4 5.2E-4
30.844 102.953 0.018 4.1E-4 0.0072 0.016 4.1E-4 9.1E-4 4.5E-4 4.2E-4 8.6E-4 4.0E-4
31.748 102.955 0.017 4.1E-4 0.0068 0.015 4.1E-4 9.4E-4 3.9E-4 4.4E-4 9.3E-4 3.1E-4
32.678 102.957 0.016 4.1E-4 0.0063 0.015 4.2E-4 9.7E-4 2.8E-4 4.9E-4 8.4E-4 2.6E-4
33.636 102.958 0.016 4.1E-4 0.0057 0.015 4.3E-4 9.4E-4 2.2E-4 5.7E-4 6.7E-4 2.1E-4
34.621 102.960 0.016 3.1E-4 0.0054 0.015 4.3E-4 8.6E-4 2.1E-4 7.4E-4 5.3E-4 2.1E-4
35.636 102.962 0.015 3.1E-4 0.0051 0.015 3.9E-4 7.7E-4 2.0E-4 8.4E-4 4.4E-4 2.4E-4
36.680 102.963 0.015 5.2E-4 0.0049 0.014 2.9E-4 7.0E-4 2.0E-4 7.7E-4 3.9E-4 2.6E-4
37.755 102.965 0.013 5.2E-4 0.0046 0.013 2.0E-4 6.8E-4 2.3E-4 5.8E-4 3.6E-4 2.6E-4
38.861 102.966 0.012 5.2E-4 0.0044 0.011 2.2E-4 7.3E-4 3.1E-4 4.4E-4 3.4E-4 2.4E-4
40.000 102.968 0.011 7.8E-4 0.0042 0.0096 2.6E-4 7.8E-4 4.6E-4 3.9E-4 3.1E-4 2.4E-4
41.172 102.969 0.0097 7.8E-4 0.0039 0.0088 2.5E-4 7.3E-4 6.6E-4 3.7E-4 2.4E-4 2.5E-4
42.379 102.970 0.0090 7.8E-4 0.0038 0.0080 2.0E-4 5.9E-4 6.9E-4 3.3E-4 1.4E-4 2.6E-4
43.620 102.972 0.0083 0.0012 0.0037 0.0074 1.4E-4 4.5E-4 5.8E-4 2.6E-4 1.3E-4 2.4E-4
44.898 102.973 0.0075 0.0012 0.0032 0.0068 1.1E-4 2.9E-4 4.1E-4 1.9E-4 1.2E-4 2.1E-4
46.214 102.974 0.0070 8.6E-4 0.0027 0.0064 1.1E-4 2.5E-4 3.5E-4 2.0E-4 1.1E-4 2.0E-4
47.568 102.975 0.0066 8.6E-4 0.0026 0.0060 1.4E-4 5.3E-4 3.0E-4 2.2E-4 1.0E-4 2.4E-4
48.962 102.977 0.0063 6.3E-4 0.0027 0.0056 1.6E-4 0.0010 2.4E-4 2.1E-4 1.1E-4 3.3E-4
50.397 102.978 0.0059 6.3E-4 0.0028 0.0050 1.6E-4 0.0013 1.6E-4 2.1E-4 1.5E-4 3.9E-4
51.874 102.979 0.0056 0.0021 0.0031 0.0045 1.3E-4 9.4E-4 1.5E-4 2.0E-4 2.1E-4 4.1E-4
53.394 102.980 0.0057 0.0021 0.0038 0.0043 1.1E-4 4.3E-4 1.8E-4 1.7E-4 2.4E-4 4.4E-4
54.958 102.981 0.0053 0.0024 0.0032 0.0041 1.4E-4 2.4E-4 2.5E-4 1.1E-4 2.8E-4 4.5E-4
56.569 102.982 0.0042 0.0024 0.0015 0.0039 2.0E-4 1.6E-4 3.8E-4 1.2E-4 2.9E-4 3.7E-4
58.226 102.983 0.0037 7.4E-4 6.3E-4 0.0036 3.3E-4 1.2E-4 4.4E-4 1.8E-4 2.2E-4 2.9E-4
59.932 102.984 0.0034 7.4E-4 3.2E-4 0.0033 6.4E-4 8.4E-5 3.3E-4 2.8E-4 2.4E-4 2.5E-4
61.688 102.985 0.0034 4.9E-4 3.7E-4 0.0031 0.0012 1.4E-4 1.5E-4 3.5E-4 3.0E-4 1.9E-4
63.496 102.986 0.0032 0.0012 3.7E-4 0.0029 0.0012 1.6E-4 1.3E-4 3.9E-4 3.1E-4 2.3E-4
65.357 102.987 0.0029 0.0012 3.6E-4 0.0028 5.9E-4 1.1E-4 1.9E-4 4.9E-4 2.6E-4 2.8E-4
67.272 102.988 0.0028 0.0011 4.0E-4 0.0027 2.2E-4 9.3E-5 2.1E-4 4.3E-4 1.6E-4 3.4E-4
69.243 102.989 0.0025 5.6E-4 4.2E-4 0.0024 2.0E-4 2.0E-4 1.9E-4 3.5E-4 2.4E-4 3.5E-4
71.272 102.989 0.0023 5.6E-4 6.2E-4 0.0021 1.4E-4 3.4E-4 1.8E-4 3.5E-4 2.3E-4 2.8E-4
73.360 102.990 0.0022 3.8E-4 8.3E-4 0.0019 1.3E-4 3.1E-4 2.5E-4 2.7E-4 1.9E-4 2.2E-4
75.510 102.991 0.0018 6.0E-4 5.6E-4 0.0016 1.9E-4 3.2E-4 2.6E-4 2.7E-4 2.2E-4 2.2E-4
77.723 102.992 0.0016 5.5E-4 3.2E-4 0.0015 1.3E-4 2.7E-4 7.9E-5 3.1E-4 2.1E-4 3.7E-4
80.000 102.993 0.0017 5.5E-4 2.9E-4 0.0016 2.0E-4 3.9E-4 6.2E-5 3.1E-4 1.0E-4 3.9E-4
82.344 102.993 0.0023 3.0E-4 2.9E-4 0.0022 2.4E-4 4.3E-4 4.6E-5 3.3E-4 1.0E-4 4.7E-4
84.757 102.994 0.0024 0.0013 2.7E-4 0.0022 4.1E-4 2.7E-4 8.8E-5 3.3E-4 1.2E-4 4.3E-4
87.241 102.995 0.0018 0.0019 2.1E-4 0.0015 6.7E-4 3.7E-4 1.0E-4 3.3E-4 1.9E-4 1.7E-4
89.797 102.996 0.0013 0.0011 2.2E-4 0.0010 5.7E-4 4.2E-4 1.1E-4 3.0E-4 2.1E-4 1.3E-4
92.428 102.996 0.0010 2.9E-4 1.5E-4 7.3E-4 4.6E-4 3.3E-4 8.5E-5 2.6E-4 3.0E-4 2.5E-4
95.137 102.997 0.0011 2.9E-4 2.2E-4 7.3E-4 4.7E-4 1.8E-4 1.7E-4 2.4E-4 3.4E-4 3.4E-4
97.924 102.997 0.0011 0.0012 4.7E-4 8.2E-4 3.1E-4 1.9E-4 2.4E-4 2.1E-4 2.5E-4 3.1E-4
100.794 102.998 0.0012 0.0024 6.5E-4 7.7E-4 1.6E-4 2.6E-4 3.1E-4 2.3E-4 2.2E-4 3.3E-4
103.747 102.999 0.0011 0.0016 5.5E-4 7.0E-4 1.5E-4 1.9E-4 2.6E-4 4.3E-4 2.1E-4 2.9E-4
106.787 102.999 0.0011 0.0051 3.2E-4 6.6E-4 1.3E-4 1.9E-4 2.4E-4 6.8E-4 2.9E-4 3.1E-4
109.916 103.000 9.9E-4 0.0067 2.3E-4 7.1E-4 2.4E-4 1.6E-4 1.7E-4 4.1E-4 2.7E-4 2.8E-4
113.137 103.001 8.8E-4 5.7E-4 2.5E-4 6.2E-4 2.7E-4 1.7E-4 1.8E-4 2.8E-4 2.3E-4 2.2E-4
116.452 103.001 8.8E-4 7.2E-4 3.2E-4 5.1E-4 1.7E-4 2.1E-4 2.0E-4 3.4E-4 3.1E-4 2.9E-4
119.865 103.002 8.9E-4 6.4E-4 4.2E-4 4.5E-4 1.5E-4 2.5E-4 2.8E-4 3.5E-4 1.8E-4 3.2E-4
123.377 103.002 0.0017 8.7E-4 0.0015 4.0E-4 3.5E-4 1.8E-4 5.2E-4 4.3E-4 2.9E-4 1.7E-4
126.992 103.003 0.0019 6.1E-4 0.0016 4.2E-4 4.1E-4 1.9E-4 5.5E-4 2.6E-4 4.1E-4 2.2E-4
130.713 103.004 0.0013 6.6E-4 8.5E-4 4.2E-4 4.1E-4 2.3E-4 3.1E-4 2.8E-4 5.0E-4 2.6E-4
134.543 103.004 0.0011 3.8E-4 3.7E-4 4.5E-4 4.8E-4 2.7E-4 2.7E-4 4.2E-4 4.4E-4 2.6E-4
138.486 103.005 0.0011 4.2E-4 1.8E-4 3.9E-4 4.4E-4 3.2E-4 2.6E-4 5.5E-4 3.9E-4 4.3E-4
142.544 103.005 0.0010 0.0010 1.8E-4 4.1E-4 1.3E-4 4.2E-4 3.6E-4 5.6E-4 3.1E-4 3.3E-4
146.721 103.006 9.1E-4 6.3E-4 2.4E-4 4.6E-4 2.4E-4 3.5E-4 2.7E-4 4.1E-4 3.0E-4 2.3E-4
151.020 103.006 0.0011 9.1E-4 3.7E-4 5.8E-4 3.2E-4 3.3E-4 3.5E-4 3.1E-4 3.2E-4 3.2E-4
155.445 103.007 8.8E-4 7.9E-4 2.6E-4 3.2E-4 3.3E-4 2.7E-4 3.2E-4 2.6E-4 3.2E-4 3.9E-4
160.000 103.007 9.7E-4 4.5E-4 2.8E-4 3.7E-4 4.1E-4 2.3E-4 3.7E-4 4.1E-4 3.1E-4 3.2E-4
164.688 103.008 0.0011 4.9E-4 3.5E-4 4.3E-4 4.6E-4 2.3E-4 3.4E-4 5.5E-4 2.3E-4 2.7E-4
169.514 103.008 0.0010 7.1E-4 3.9E-4 3.3E-4 3.8E-4 3.2E-4 3.2E-4 4.0E-4 4.5E-4 2.6E-4
174.481 103.009 0.0011 5.7E-4 5.8E-4 3.6E-4 2.4E-4 2.8E-4 4.8E-4 3.5E-4 3.8E-4 3.2E-4
179.594 103.009 0.0012 5.7E-4 4.6E-4 6.5E-4 3.0E-4 3.9E-4 4.3E-4 5.2E-4 3.5E-4 2.6E-4
184.856 103.010 0.0012 5.6E-4 3.6E-4 4.5E-4 5.7E-4 2.6E-4 3.6E-4 6.1E-4 2.9E-4 2.7E-4
190.273 103.010 0.0011 2.6E-4 5.0E-4 2.7E-4 5.1E-4 3.2E-4 3.9E-4 4.8E-4 4.0E-4 2.0E-4
195.849 103.011 0.0011 8.8E-4 5.8E-4 1.9E-4 3.0E-4 2.2E-4 4.7E-4 4.6E-4 3.7E-4 2.7E-4
201.587 103.011 1.0E-3 0.0015 6.2E-4 2.4E-4 2.9E-4 1.8E-4 3.9E-4 2.9E-4 3.7E-4 2.5E-4
207.494 103.012 0.0011 7.8E-4 6.1E-4 4.5E-4 3.6E-4 2.6E-4 3.4E-4 4.0E-4 2.7E-4 2.3E-4
213.574 103.012 0.0010 7.4E-4 4.3E-4 2.7E-4 4.2E-4 4.1E-4 3.5E-4 5.0E-4 2.2E-4 2.7E-4
219.833 103.013 0.0011 6.6E-4 5.0E-4 2.9E-4 3.7E-4 3.3E-4 3.7E-4 5.8E-4 1.8E-4 2.5E-4
226.274 103.013 0.0012 7.3E-4 6.5E-4 4.9E-4 3.6E-4 2.3E-4 2.8E-4 5.3E-4 2.1E-4 2.9E-4
232.905 103.013 0.0013 8.4E-4 4.8E-4 7.0E-4 4.2E-4 3.0E-4 4.3E-4 5.3E-4 2.6E-4 4.1E-4
239.729 103.014 0.0015 4.3E-4 4.8E-4 8.8E-4 5.6E-4 4.4E-4 3.7E-4 5.6E-4 3.3E-4 5.2E-4
246.754 103.014 0.0015 0.0015 2.8E-4 9.3E-4 5.0E-4 6.4E-4 2.5E-4 4.1E-4 5.0E-4 3.4E-4
253.984 103.015 0.0015 0.0020 4.9E-4 8.9E-4 4.2E-4 6.1E-4 2.7E-4 5.4E-4 3.4E-4 2.1E-4
261.426 103.015 0.0014 6.9E-4 4.4E-4 7.1E-4 4.7E-4 3.8E-4 3.8E-4 5.9E-4 3.9E-4 3.6E-4
269.087 103.016 0.0014 7.7E-4 5.5E-4 4.9E-4 4.6E-4 4.1E-4 5.8E-4 4.9E-4 4.9E-4 3.2E-4
276.972 103.016 0.0012 0.0011 5.9E-4 3.6E-4 4.9E-4 3.4E-4 4.1E-4 5.2E-4 4.5E-4 2.2E-4
285.088 103.016 0.0012 9.1E-4 4.4E-4 3.5E-4 6.0E-4 3.6E-4 4.3E-4 5.6E-4 3.6E-4 2.7E-4
293.441 103.017 0.0011 6.1E-4 4.4E-4 2.4E-4 4.4E-4 3.4E-4 4.6E-4 3.9E-4 3.2E-4 3.8E-4
302.040 103.017 0.0011 9.1E-4 4.5E-4 3.3E-4 4.2E-4 4.9E-4 4.1E-4 2.2E-4 2.2E-4 5.0E-4
310.890 103.018 0.0013 0.0011 5.3E-4 4.2E-4 6.5E-4 4.7E-4 3.5E-4 3.5E-4 2.4E-4 5.1E-4
320.000 103.018 0.0014 8.1E-4 5.9E-4 3.4E-4 7.6E-4 3.4E-4 2.7E-4 4.5E-4 2.4E-4 6.0E-4
329.377 103.018 0.0012 8.7E-4 4.9E-4 4.6E-4 5.5E-4 3.9E-4 3.9E-4 3.9E-4 3.0E-4 4.7E-4
339.028 103.019 0.0014 4.2E-4 5.5E-4 6.2E-4 5.0E-4 5.2E-4 4.8E-4 3.6E-4 4.2E-4 3.7E-4
348.962 103.019 0.0016 0.0024 6.9E-4 7.3E-4 4.5E-4 6.0E-4 4.7E-4 3.0E-4 5.7E-4 5.2E-4
359.188 103.020 0.0015 9.9E-4 5.6E-4 6.4E-4 4.3E-4 6.3E-4 4.4E-4 3.3E-4 5.4E-4 5.2E-4
369.713 103.020 0.0015 0.0014 7.5E-4 5.9E-4 4.5E-4 5.8E-4 3.9E-4 4.5E-4 5.5E-4 3.3E-4
380.546 103.020 0.0015 0.0011 8.3E-4 4.9E-4 4.7E-4 5.0E-4 4.4E-4 4.8E-4 4.3E-4 4.9E-4
391.697 103.021 0.0013 9.9E-4 4.0E-4 2.7E-4 4.1E-4 4.7E-4 4.9E-4 4.9E-4 5.0E-4 4.7E-4
403.175 103.021 0.0012 9.8E-4 4.4E-4 2.9E-4 3.6E-4 5.8E-4 4.7E-4 3.6E-4 5.3E-4 3.6E-4
414.989 103.021 0.0014 9.5E-4 6.9E-4 6.2E-4 4.5E-4 4.1E-4 4.7E-4 4.9E-4 4.7E-4 4.0E-4
427.149 103.022 0.0015 0.0011 6.2E-4 4.8E-4 4.7E-4 3.9E-4 6.2E-4 6.2E-4 4.4E-4 4.4E-4
439.665 103.022 0.0013 9.7E-4 4.4E-4 4.0E-4 4.2E-4 4.2E-4 4.3E-4 4.7E-4 5.9E-4 4.3E-4
452.548 103.022 0.0015 0.0027 3.3E-4 7.0E-4 4.3E-4 6.9E-4 5.8E-4 4.6E-4 6.2E-4 3.8E-4
465.809 103.023 0.0017 0.0010 6.0E-4 7.8E-4 5.8E-4 8.3E-4 4.7E-4 3.2E-4 4.9E-4 5.9E-4
479.458 103.023 0.0016 0.0010 7.8E-4 8.0E-4 3.2E-4 5.9E-4 4.6E-4 3.6E-4 3.8E-4 5.0E-4
493.507 103.024 0.0015 0.0011 6.6E-4 6.7E-4 4.8E-4 4.4E-4 6.4E-4 4.8E-4 3.0E-4 5.2E-4
507.968 103.024 0.0014 0.0013 5.6E-4 6.4E-4 4.5E-4 4.3E-4 5.2E-4 4.2E-4 3.1E-4 6.5E-4
522.853 103.024 0.0015 9.3E-4 9.1E-4 6.0E-4 3.7E-4 4.4E-4 5.1E-4 4.3E-4 3.9E-4 5.2E-4
538.174 103.025 0.0015 9.7E-4 6.7E-4 5.2E-4 5.2E-4 4.5E-4 4.7E-4 6.0E-4 4.6E-4 6.0E-4
553.943 103.025 0.0014 0.0014 6.4E-4 4.6E-4 5.4E-4 4.9E-4 3.5E-4 5.2E-4 4.4E-4 4.8E-4
570.175 103.025 0.0016 6.5E-4 6.6E-4 6.5E-4 3.9E-4 6.9E-4 4.4E-4 5.1E-4 5.3E-4 5.0E-4
586.883 103.025 0.0019 0.0013 7.4E-4 7.1E-4 5.9E-4 6.8E-4 6.6E-4 5.4E-4 7.7E-4 5.3E-4
604.080 103.026 0.0019 0.0011 5.8E-4 6.8E-4 6.7E-4 8.1E-4 5.4E-4 5.3E-4 8.9E-4 5.6E-4
621.780 103.026 0.0018 9.1E-4 7.0E-4 4.7E-4 5.5E-4 6.7E-4 4.3E-4 6.5E-4 9.0E-4 6.3E-4
640.000 103.026 0.0018 0.0013 7.2E-4 7.5E-4 7.8E-4 7.1E-4 4.7E-4 5.6E-4 5.4E-4 4.6E-4
658.753 103.026 0.0016 7.7E-4 7.0E-4 5.8E-4 5.9E-4 5.5E-4 5.9E-4 5.2E-4 5.2E-4 3.3E-4
678.056 103.027 0.0016 0.0012 8.3E-4 6.3E-4 6.1E-4 5.3E-4 4.9E-4 5.9E-4 3.8E-4 4.2E-4
697.925 103.027 0.0018 0.0010 7.2E-4 8.4E-4 5.4E-4 6.2E-4 5.9E-4 6.1E-4 6.4E-4 4.7E-4
718.376 103.027 0.0019 9.2E-4 8.6E-4 7.6E-4 5.3E-4 7.0E-4 6.6E-4 5.8E-4 6.5E-4 5.6E-4
739.426 103.027 0.0018 0.0014 6.0E-4 7.9E-4 5.2E-4 6.9E-4 5.6E-4 5.1E-4 5.7E-4 6.8E-4
761.093 103.027 0.0018 0.0011 6.5E-4 5.3E-4 5.5E-4 6.1E-4 5.1E-4 6.8E-4 6.9E-4 8.1E-4
783.394 103.027 0.0020 0.0015 8.8E-4 4.7E-4 6.4E-4 6.3E-4 4.4E-4 9.2E-4 9.0E-4 6.7E-4
806.349 103.028 0.0020 0.0011 8.9E-4 4.9E-4 7.2E-4 5.6E-4 5.6E-4 6.5E-4 8.9E-4 6.7E-4
829.977 103.028 0.0019 0.0013 7.3E-4 4.2E-4 8.2E-4 5.9E-4 6.0E-4 6.5E-4 7.9E-4 7.7E-4
854.297 103.028 0.0021 0.0021 8.2E-4 6.1E-4 7.6E-4 7.2E-4 7.2E-4 7.5E-4 7.6E-4 7.0E-4
879.330 103.028 0.0022 0.0013 0.0010 7.4E-4 8.6E-4 8.1E-4 6.6E-4 5.7E-4 6.2E-4 7.1E-4
905.097 103.028 0.0022 0.0012 1.0E-3 8.6E-4 7.8E-4 6.7E-4 5.9E-4 6.8E-4 6.6E-4 8.5E-4
931.618 103.028 0.0020 0.0014 8.6E-4 6.9E-4 7.6E-4 6.2E-4 6.1E-4 8.2E-4 5.3E-4 8.4E-4
958.917 103.028 0.0020 0.0018 9.3E-4 8.0E-4 6.6E-4 7.6E-4 6.2E-4 6.7E-4 4.2E-4 7.3E-4
987.015 103.028 0.0020 0.0013 9.4E-4 7.9E-4 7.0E-4 7.2E-4 6.5E-4 7.0E-4 6.4E-4 5.5E-4
1015.937 103.028 0.0022 0.0016 9.9E-4 8.7E-4 7.8E-4 6.4E-4 6.8E-4 8.0E-4 7.4E-4 6.0E-4
1045.706 103.028 0.0022 0.0019 0.0010 0.0010 7.2E-4 6.2E-4 6.5E-4 6.9E-4 7.7E-4 6.9E-4
1076.347 103.028 0.0023 0.0014 9.9E-4 9.0E-4 7.9E-4 9.5E-4 5.9E-4 7.0E-4 7.4E-4 7.8E-4
1107.887 103.028 0.0023 0.0013 0.0010 7.5E-4 9.4E-4 7.1E-4 5.3E-4 6.6E-4 8.4E-4 8.6E-4
1140.350 103.027 0.0021 0.0014 8.6E-4 7.1E-4 8.7E-4 6.8E-4 6.8E-4 6.0E-4 6.8E-4 7.0E-4
1173.765 103.027 0.0022 0.0015 8.7E-4 8.7E-4 7.6E-4 6.0E-4 0.0010 5.7E-4 5.3E-4 7.4E-4
1208.159 103.027 0.0022 0.0015 9.4E-4 6.8E-4 8.4E-4 6.4E-4 0.0010 7.1E-4 5.7E-4 8.3E-4
1243.561 103.027 0.0022 0.0019 9.6E-4 7.6E-4 8.1E-4 6.5E-4 8.3E-4 7.5E-4 7.2E-4 8.0E-4
1280.000 103.027 0.0025 0.0013 0.0010 8.8E-4 9.6E-4 9.6E-4 9.0E-4 7.5E-4 7.9E-4 8.5E-4
1317.507 103.026 0.0025 0.0017 9.3E-4 6.8E-4 0.0011 8.5E-4 9.7E-4 8.4E-4 8.0E-4 8.3E-4
1356.113 103.026 0.0025 0.0023 8.2E-4 7.8E-4 9.3E-4 8.1E-4 0.0011 0.0010 8.6E-4 7.9E-4
1395.850 103.026 0.0026 0.0015 0.0010 9.9E-4 8.5E-4 9.4E-4 0.0010 0.0010 7.8E-4 7.4E-4
1436.751 103.025 0.0026 0.0015 0.0010 0.0012 7.7E-4 7.7E-4 8.8E-4 8.4E-4 8.4E-4 8.3E-4
1478.851 103.025 0.0026 0.0017 0.0011 0.0011 7.6E-4 7.7E-4 8.5E-4 8.0E-4 8.1E-4 9.9E-4
1522.185 103.024 0.0025 0.0015 0.0012 9.5E-4 7.9E-4 7.3E-4 8.4E-4 7.8E-4 8.6E-4 8.1E-4
1566.789 103.024 0.0025 0.0021 0.0011 9.4E-4 7.5E-4 6.9E-4 0.0012 8.7E-4 7.7E-4 7.5E-4
1612.699 103.023 0.0027 0.0016 0.0010 7.8E-4 9.5E-4 9.0E-4 0.0012 8.5E-4 9.7E-4 9.4E-4
1659.955 103.023 0.0025 0.0020 9.6E-4 9.7E-4 8.2E-4 9.8E-4 7.6E-4 7.6E-4 0.0010 8.3E-4
1708.595 103.022 0.0026 0.0019 0.0010 0.0011 9.7E-4 9.4E-4 8.0E-4 7.9E-4 8.1E-4 8.7E-4
1758.661 103.021 0.0027 0.0028 0.0011 8.7E-4 0.0010 0.0011 9.5E-4 0.0011 8.5E-4 8.2E-4
1810.193 103.020 0.0027 0.0015 0.0010 8.1E-4 0.0011 9.3E-4 9.9E-4 0.0010 7.8E-4 8.9E-4
1863.236 103.020 0.0027 0.0022 0.0010 7.7E-4 0.0012 0.0010 0.0011 8.1E-4 8.4E-4 6.9E-4
1917.833 103.019 0.0028 0.0024 0.0011 9.8E-4 0.0012 9.8E-4 0.0011 8.0E-4 0.0010 7.4E-4
1974.030 103.018 0.0028 0.0018 0.0011 0.0010 0.0010 9.3E-4 0.0010 9.4E-4 0.0010 8.2E-4
2031.873 103.017 0.0028 0.0023 0.0012 0.0011 0.0011 9.1E-4 0.0011 8.4E-4 8.9E-4 7.2E-4
2091.412 103.016 0.0029 0.0018 0.0010 0.0011 0.0011 0.0011 0.0011 9.5E-4 9.2E-4 7.5E-4
2152.695 103.015 0.0029 0.0025 0.0010 0.0011 0.0011 0.0012 0.0011 0.0011 7.5E-4 7.2E-4
2215.774 103.013 0.0030 0.0022 0.0011 0.0011 0.0013 0.0011 0.0013 9.9E-4 6.9E-4 6.4E-4
2280.701 103.012 0.0027 0.0022 0.0010 0.0011 0.0012 0.0011 9.5E-4 9.0E-4 7.6E-4 5.7E-4
2347.530 103.011 0.0027 0.0025 0.0011 0.0011 0.0012 0.0011 8.8E-4 8.9E-4 5.8E-4 5.2E-4
2416.318 103.009 0.0028 0.0028 0.0013 0.0013 0.0011 9.9E-4 9.6E-4 8.1E-4 6.9E-4 5.0E-4
